-337829325097766446276738813238 366846568818379204526871027522
258931167144061073450037690072 -41587796286340104320367674665
-325845409908404319866559814632 -492789689017220764936837796365
1090275438371953852615995484161 949781556674239053947955049798
322680028610051124572033429140 905624043690209435656255192578
-849507169645297057707176228353 458935358434459986962356254467
-1001236092237383761693290574843 265556366976137214794392426214
394656913235045475163544132667 791468167001384135679546189474
314100626934355608445046565829 1086917721915242311598976922697
1128405322859301315160511613950 -299097326950969386315767694243
-575297800745451809484826936235 737012564319883939482271321249
-788798328407851845471869924531 923067104761531441432184904511
-100708264102901671120506831355 1081126275286070340964552613165
361828564081295957489815306959 -613712995662381051000308347812
730265230633394321224377700200 230943371250059703737758237069
-368002701181474320511324596038 1175368590118737311322049283410
784472755623237301856453067244 1107847993210616401683351794730
-1148050953032901886094770464664 -896336275150834118612546928300
-366748598668644083035355001683 85444727296454581980565075968
-467778020486470266633397670518 -1077694729139554084098734165786
1161598851533614581102276844630 141985400157766005151416674710
1180920288465876441589023426362 -327688851512323199092948178425
-642373474168549884449484987107 680453181043785453097776218638
401932077729099930043309007694 1086462195590158336357790424329
639419457618366740899069419076 -452943224416223373084803738315
-235749622175817845317066001078 -210844489190338838322165460642
342528950289318900507716363710 154772606332447810436691162024
-988011885229099597420697162247 -1194708139390981770114755795408
1034826243559800326105847449571 240488738311689983196667323301
-448147870095276725584127102490 -1011800467882166004329367667541
99674584039932998046475959671 -278982081793640156480593930085
-423984954351597804002132244282 511900478639466302937210153917
409044419397037132917287556302 -423809429813670365684214710389
1192690989610802962233650700991 1000723309386488812466097894129
-873410871652468150405996173943 390352742585387937991732657183
1253052173791008469012204658291 98387225791262990244997631071
504583380087735865962576853184 -206055752968053497961944312458
-674870036629092801482991251864 970844855047202143523504735658
751998232745830706953458060128 -884430186555457881365659571391
-1132602929328723258659554151541 -402586139305450196992296840774
978905109611125626069842808809 -927552543176676897450104105389
1220780753910667372517994775539 -923487872464288599829328949287
-7695665829872108423279123338 321076718968201033891126506860
861845412554420101643476811962 357893849261523467761413795014
-285205427650327031369634281929 824794720770042381055524178530
471281266678868355678849278110 745727705653796457298550588401
428017444631749489799630836204 358934171664343549471140706149
-34608801373300794989799859095 783629046177031340525498856417
553806139538175108713632263217 -360235142721051714085063817603
8163248219266922229034402287 992918633445465996917942913870
740441465930593671202151658662 1200351136095531719650574964623
-935211405923717470933693327107 10821140247344416044104503789
-848983368913736146317338637148 -223133596276009921374723173958
82367199676685791770004506047 1105557891360053752641348587779
305482583249254095503389706084 -692501054110876395380494734597
352465804123512302642598779879 1060502365528603323998068938825
-593648471291458260703954965436 -324968370609050343471843060009
1172878016061587231927454576325 -320130477529318836426958551083
-46359920688337798543520807219 95819442864956829903050606482
-778866992281618075924459285207 215544490383100851693437385151
571756045847457752571610375578 637068939222870635754906217194
-285883765432835712576192990672 -1059327744217972912766769710507
861325831458931541407223775780 718844362615421361948448210771
-781395884691048750506497522128 -872190015341894361662950920299
26313042921837760564191029407 -684778040938868283268105688171
-877495971472529795406819260423 107049218128902920819425513487
368124801071508185142885199254 719232913456596648969591728676
-365024323875726410286690307034 1057998046757162550355793151279
1120370691750825516037050748973 654226719932308597412699920002
307128322412757123959856277274 306266436918593738814601446626
-539153626618952120396259133989 1097987941367261628314206187163
459371037655802323639093620924 1055636447762850128255339906193
102978212715851126638506717482 747129894893538974959742449237
-1041196293481485508949774909590 -600907277845900354291133011570
-848484198959067104550824587983 -910389901313220786713277298682
701893324927274838167920547144 466009247321022199569524399169
-1091702373177404516085395464430 -279711731407197557303272345611
-752749280235045688158424769486 -1192686733517168246075611318692
868866744851510368073831375085 -1186812081936749885690304884170
-423743965164826639806429074354 -1113269229954420799894502408285
-1187318891547568039109380735887 273375201684526353693553201483
-950496741679786286615332918238 893983491800707866791607168609
-1157281817540760752942891595166 -1043138993490862703109934189622
903292988525056845924786510361 -716635811814903776582123271211
-703170478919490022431541591945 -242939001181057815027944915872
690047013222682075938808182826 -31050776930078513342393883232
343646620509214328945085283322 -919855170429683414202664076612
-899470554036130243607089120627 -388853619843972604396201575087
1032601493288416515596703695187 -501162673261006670781453065267
1023420396170523726038973743033 460831339325760536356477759125
727613318312651482738850376027 619072661763988280070491830429
930034262582837488934148893148 -1072747530677321584866358054083
-194936778830120255801394661100 -462746168502568301641164969935
353305979520864656434843066459 474469911332381014099196810063
619868541310157470221723780253 755092071639360945641281673611
379838984192861145941128457659 -948432757247176829602657133745
-817169302338860263387893824081 -402791513454450935312970459774
1247791626053718370718816258487 -510348867122575833125311512729
907414022846022719979920298301 -143552193037516942419344191875
909267920353322873853338350515 -759318839510284469274521548991
-839084137999249625694506409605 -1033730052560943649481421791995
698754585327668298895980891946 880211318349428634619814638323
315857343140001445117379044624 1065624940581372571885507240077
-772966433193055615203046811750 270161615639939861610487174007
1162974758541112798066874506204 459536619276206107354222531871
-529566957440208091218741254565 -749061562815419931335616349211
-162338087832079059618832599105 796704312681843384292186641365
499167364129721004429992084379 -1037763551409269686483667405488
-411470135875233621182937007556 915529242107845224633104097877
-1235504159512593096199723239421 672230531018002798057111466898
85501172067026533522294640686 500659606429063847812047879933
1220387861094878280952702672355 -1107150853127917617029193672269
424223858473301770365345880584 -588549745213499365923308234335
-98667350103286557093298234653 799290558830056251193366242653
-309401089862795969254480866610 -1284728231287150951360945974
-716871184683771394368892220221 -1027578376335572572373442584747
1179529285195801776795181955619 278848708223163850068802993959
-718157551738445253569108668381 -492227984159222650245111310386
42997100175499125911708653830 -345495248392892347811016001596
-961006459026927054658770140997 -164058275998906197544132713995
529934546152510647288252905378 -574761396664790703814768336607
162157266423148851811387469524 -399734737524654383637591034272
-510621194225902551217575164627 1201423066503351345968677835793
694895320669666208059734427727 -815183715931339706288083320456
-618974498288593944509709265572 476276644149162212657081964449
80386421986648127564012539493 864579725917800781733037958700
-596703993524024312042167407958 420880590896962122196607532164
-736194025655777737761204648782 -944442508112727078341955588144
-743603859330601983024652201607 567994332385523706215741926983
-1023903516441159040880493707831 -66654153604478321981343744724
625247356272237873600889005081 819868816738852199446738967429
-867700592438993823695413088996 42017598119980277476798984193
1170254496584863230258963923648 708622742390191869984154962265
382497290071916985531339432987 -327427919633199385571895355759
98942121797900937319257256842 -1053195591526973764870869647199
-1073272005672074523286904119242 792111642320127179582953333314
-1041542419964696144373455790528 1188126013219912815264008215893
-109264209967522640418696499141 1046808768270166065484387760954
-1252336203620175737082228853994 259724481928915894251328454503
-631070120335564820528164987202 -979496931229829818776663020972
1039017113856257893401399919619 -125499112384190413310054635595
1235775563486826720205541030076 -727404013188668248199261974740
-459677781249329212873099110710 -196292528572488279499065728343
-1083663584502721387933254179799 978061486968412154508836235066
-1258008377576268819855618183140 -222163953737722773153725861129
831010850552306570380018445571 -1234060214651705658917702322820
-1056521158395689364883926646788 -1125150917231875157093044641739
214834677324257996554879662310 659757266601796411558110758516
755597050778680963707605551836 192950735727921257660531101764
-372182548376389378690226428083 -1221267651052513495774917727297
-559632735379091476224171533718 -618259682838391747437277336878
376135315170967988134986350395 46069132379523342416608312157
-617052386049842531348755413045 917269074320333069709973895330
-959406643859546142887793101290 426011733943984386130409739970
-398346824719966253059535763242 -531233715978801606357946127036
902553463709947235041731651003 -1186804660737894778958914547230
-425535970222626428942694659713 673938079311254520400188954375
965060710659773423589929186001 -397927729696117466875621926119
1034082474610107625354684938719 -998242565586744305252064631895
836137936649555591512511318535 459632205174860337840592055516
-307588756581680707823871807212 340402053323600909080027460581
67926837785615698667283470311 404198523209358790134399904224
580373673459099878165272521207 631674944275954021943216659213
530669922588228502671378632014 -1013851420985982688593662788939
556436136924743256356861412432 -169119064150066177464253543200
498452268542143511893808181728 -725295257322945659645977793757
-905248089712619666851458550564 683568308232374265293446851814
1097317967903803683318774781163 -624911068509050983695473893807
732612237958792732851189940206 596190288787780664748560413779
-636717212307417404126865752518 -450240428883289092673284759006
1127205188778739839514353123832 313179254145097269176549058695
921770383831972434458593091344 -73325209123223852898042046176
726261455967209713487703906532 529076192918326935769177612232
732862068931514238319154953307 802063757388142470576139544224
-1209620306906490157312645519553 1215005829647446973265935335177
-291752611657554471771303356880 -255995195674120721011674316791
-997843771206226634852090302299 -500622280811763142177857270180
-483384344561668835616980383800 -804343826564178361741992119567
833342092059150277077692009795 -246966198414029807543119828155
725329710528680675466425950873 -1032891867908618132557430814153
-1258815599626043597966613077315 1200441357448472917092555622215
-550524885735406307379381051520 445415547256281506689840996256
-65938285045426708315053674785 875084850116531957041941877792
266107870253120323168748646839 -343508098243694701865493766068
1159460387139601621991747841881 675316829193783489614849491010
-971920652522767145258898223577 -482454361199483221880293393006
-983677017762848458567391461212 1105439266878577877174355260981
957687828657753450081301974168 -299154640241393013455501116831
-812638288262915502281002920268 239797689634281647905782397207
310550565528598671469513571422 -1364227583847055526724755255
-794304000828282449811846069281 -1062020847378470642276560841650
353685283992816675208169800000 -590336587072375348052232686460
1096607568918748545416060596352 -1012882811044862110669299478223
1245359279859690927846823873752 652352274614081766345263370812
-971778585890366556568502404367 800625047581013373895723355931
61670557839401374385418219128 -1062574136784371328787587648778
-963292192474418389374934193489 942309440796113551617235425633
-893583581691463751592194384667 -204275024027617753278554752513
571814219918627198432766245559 -437608610962627109864260822033
1169546492177710255704363425017 -9344205783338557421297073666
732225517050791214247464663417 -391960874568154796775498492687
-558371807750729546254277194985 -1106625708175208901765329426919
1188152044250663785613132850658 -802852912672051921161281202518
731481898892141252573444864193 297955057036912962414875973834
-187420906136076654373855769388 -246660018652910765284624369476
-1004114203328136407336061378394 1086377687910104077194526064374
-646320249821693682440928988396 243334351364539228097770901393
-829548965762055210402919443343 703795030975476279904033300123
-1124091114214594930834169922887 63882153775760197854799589000
1008682887262048580255899388785 -260111142408723589222125453628
-614935437756243662394446682034 -1117868176833830278281173582628
601513009112023321651178961767 -831929601461070811835182629591
-618558570452533266811215870301 -237906243914554928358794549089
909088259057398207335112471944 -935436581630174260511219171676
-619104859936171362091375364593 1041177061200615967214315870519
-769835557372377913977172590781 1149140413982954189940248924497
539849270629296553600997662344 362532935798440534831961335007
278097792309692986905626474187 758997976525091981170766367786
-461238798069903092228549663941 70330940779618975310122104561
-1257530148174619878552394732645 241864030932157608782279297820
612568958947372032820888181786 96007375970871363005585154973
988675713868262817320103221969 1037614601227220421169892622436
974741872647268435496835205226 870701747545195894177425276537
83012654094348856876520137285 668194725813300196693507513627
-793753321735893443389023745737 482237451611484329924260923749
402278600741805637773899957408 1197264764015486467201457131248
940673703295602573773300981324 -568341515079914979339486306882
310701737776282333851191363360 177527327080866983167453912347
-801843216182661087036113663648 119841394735622766643891845785
214820504395617519740415898600 452136779615837172067789772863
-345129693699163201917328680658 1233613442409030854717406554263
-970050310134819543442636045241 -637214787833812886720626140303
1000836324471485370898883883424 885555785240807210048388022189
540436135990799302662877284024 1132788612986594798122087963000
-1113508072033308119674747426961 -166475258833782419117407504247
-148165838392211620635814205110 581735674690365576210153813475
851415995120265030287707260746 -911829401926619952537717563773
-1231384366994263874514908596150 -968637622242096532655079722302
-83045020322927933366817031721 -780490967478637648035453812248
-1064082899773350318407144604184 -470659077367041904002718086446
336196998429805485178326856631 -612881223260058507824450351897
-320755513813871659104836378864 -72255734484564955836030409751
-777664873229437838443327797600 462378565702587763472881617439
-581519063822834939111724461530 -832203017697510706729791110635
-158688060863808527507105743913 719045253154798808938240572960
-843384996021868260239595140601 481905373031662194834337861955
-976424443768579154464393931712 -154241268751512615098372755013
483890148744161394378545210898 -435756257708755008295806525314
767133116739512212597772725111 -1228182108859562097457941327169
1164291879862524558589386019597 892831430712486562968354523127
-861245284681045613120647897942 1044826441408520001611768631611
875978583880570408295524240266 73486767560358526397729950188
332646774594479803428221288339 -549340784507205535722188413381
1080850976504503159313848236505 -862296599746550786234406161585
-464917480532375524473219605165 192641003093073390735639941064
203978343546660873485491840566 638653054773236629251518591993
-742630992838527530117533227876 121013501368696227625745842169
-47381220623089391274354853627 14339732514724867621193690950
-57635144558439782585025643829 -54897919200575315437317784496
357307637619501790869155580529 -1013869820692654585979743042041
-57377513115501155065653562447 -963060909704912652249630422913
1090715349200819864608973883955 -1028657083044705428385587495198
-895411644702950500277310318721 -651572300116648772609989482507
1128699101980941572518722638780 949539174513447503746296801577
-697928185640910112828508931207 -445712348498458150122106319038
-222908498088544993951443363218 599973504495145240386160854733
-1022851254039624599525536231780 1116795422275064360743844247671
-1022669730421348880861584856730 1109291077530208567240222549840
1202331069669843076939835117210 -823716456522700468462834132892
-899339456524908554463256307363 1008283220352263340524848445626
27635684758079942866539722169 -490749705842281182120737977925
1155824987844538857409539126834 -379513984887781165919130046639
-722480102169930491300479222943 -899455072838475072541423841829
-28577757597495786899842572922 241480763469378453755190280165
-1235529818712134664215186773930 -652976575396499335901860370373
-825114346970613757972059555203 858456952241355361493686535111
97593106893967136583645081233 -413394320111764471864745870002
-847961359457578989688803809349 -1255835506526788725852915677775
-531070383952037155770673124960 840586352135176335961745980368
962754049978791073531647819432 -10361681432983397758384603334
766229973027488463856440938822 -1225734218226131359112755888645
-81311679375360829304377623050 36788018623683587997962715904
200917501695697375580911057532 -750918549749075557364349875763
-1147053506497647405472001509163 931717305317168940232152446461
-441495592044765524182307500948 121526412596908503419070581002
-711784618243791787606525582405 750061379560653955360683450067
-446455740319827678896154678843 858516323902785796462208609608
-184385648922352494920573398848 1128927182090466614820800392049
400861077597713431652874988310 -785981804544712187459725633929
-119666932121203491312939548059 -1251922265059713172595324589106
-1244302584920980643890168295493 332068327569086587230982431828
-1133788460394379576102869974554 -1222931791848448746632694247927
-553133243049338896088994242241 38834237353397420988330331780
-421085429920354272513108236938 1053853542824780860842148131383
99247797372518212981415741780 661459857275684863336481179740
756037926810185153920642234414 1138357754673384291064242754442
-39499389407831149296457294663 -244710351293553214755642089438
-1232725280117519841904765907262 302219420997683324833837661653
-349626177939828031579012316676 1056143824227139906442893707341
1139843118849173763089256366848 1054501658651163392611508368921
495684118720272090675789558011 -50716633048866845191253386433
-374268725655695425513388295025 1105645135249796915120016253216
-1042225727401974542856504659521 -1095848031628641530103381563418
-300785125088415340611385617531 538721224325507236174509666569
834128339754472173033172159760 993747664402786220028719250626
-1051025449450976016779261585941 -569342052561163868142081342237
-1197191185802508287850163684347 -844853801161362790543477731232
776929237625545342670651888743 -56656985627062722827772349213
-84385593323896756782829484206 -879233999765219371870396036327
710491449723148671091174191803 -465773982818106817630544307888
-611499455698960571490249064458 -502471818905729619564716165888
724003416890141108755251401552 -657045120531290599560601292306
-260531872466279522150802934355 -36552404935123775269227809391
891116943132364370176324156237 -523435497502441059098343794035
-1254631286578260777957774910754 -235102777049031978927330541105
1105780533591326328340138698016 -600372186375682728900831647964
-177375511666338551884839977160 581168179099003289950884681365
-1180405950598947836866857325531 -605118593160216257572863229196
999701328013908948216636819767 -294696352307642753716586843259
-1250013845468078881119151888754 1203453189159099317016916738720
1255396521371199754232112023089 618682102156864535904101324678
1176382267157419031089047247071 878004113943739489845665335930
492193545426428371036980701847 834616531537215985373909266280
153268993454732636653217583018 -985456937533834677878202054338
-328607899202725189714306007775 1178705569115758832843041922497
413622089540204180798373837831 978976773511864479846223583807
-681438392028011840718812173129 1082410305866067023395448745882
-383191894589762938247401453846 -1015436043348579442589666789673
892294681323054641404941554637 212706803421159560078003644937
238765820099907471072329543517 81524350787001491149718011290
-825440008999275794559902917019 62081219867990527882384493480
924134735725478249393064131528 52917052377277947201217112712
258097192429737943409603724255 -602659717672481827338209104174
-566644874366229684570343329956 -277708907608049130919024327140
-374786664978341797948909417647 885587758879522038174147733726
-595630324247203198646483212215 276995123452979974870556120091
-717348720591258603720817189705 201379376550022053932632463210
-144069427969638647832287324706 -213898913745647295664742907639
-248957560145240613678513394000 1009531035108714156907335059189
-514974496896336517635952405616 -793559053722763097749578129629
607501914238239885039423503044 -542944887107215450756012444429
-144116141025764408371298237484 -208776094719149758455548054770
-325879708858921213605271321616 786866673023142593775987029643
790177409548341772556799590131 617842498364042907322787109758
1155388286323961574906509888177 -1050064483305417165252315343188
283760033354018187923692936503 -197983200977368207768132488848
753155748509141218722378927554 448778459262515976195927868922
312409821582193801416500048694 -719570282632937265528432829484
-1213881750295961442782134912979 489194566132901215928854877282
-108699776321265862491729774840 1220922288277071841441429665978
157487976825100178305537836726 748335347597188231604701569226
-933136857936057038005749359024 812354793849098518983070976163
-608156917635841903519413553195 -1074221395277670621685624656948
-793125426322426627512310868115 1148846443897857971757267893044
-773591285095142845682989089516 -907866524851315295445673839799
420420723692320512869416821037 320834564447310606030263986576
692290024417939613526854044757 851238988580417928712204140738
115604837400656984180053879214 1003945373511316847193352699691
539743822992022117619754861658 -1044269146987451296313992721058
1204948537121765181131900098740 -728963143936714858451276545019
946017795975979341886466136317 -961321982982966862006800067519
-998601656754424648942584202091 910584521409178800945935521341
1233224561421047499791708817270 707552398955949585834429639309
-106279698037275471844680378937 1254192294612873468508371291383
-598062219406925975242485016644 -349782295641658603457926252338
762368682729132565493216840495 -605946394983951748191619057969
-380483592659308119786324298513 -699752082081988687366256921799
767469175544246556324795506088 -618024707774337585762501820660
337416667093330295391743232791 -77575994771392383784222845338
1250811909862524806693594468658 -210251311518153945891100525270
-979347797904773479554698037400 872536639442946285887111450619
117226592767825956891776325002 -529119688093749929119504890037
-528506531121506422637096722459 638602996710929236991604276347
-1118308841180572066779752395273 -538334545231419459898397205764
-42060130979152171843524950650 -1135075715863899389655130360340
932758464871403480723907479393 -194086411961667174184502635335
-399839314258321418487294770892 -32976344099718946318635740247
122746828365050817534967559353 883405884468440415308244870
-1132276655745150175976124742494 -672579250269651563061776116402
-628839781802652767330279564351 -597066286139582555432857163967
493493226722215032125556691049 -1137209364009636101359890506286
-106050308416251775433795194258 -938178977506084930384511674697
735935774376181409114092898337 -582959068548683532343950580990
1062644819471189904699552356641 -658919120857421316859236325341
973358642552385602130916582029 -1087868707557103852114726504444
-1138327088730949505476116887245 -645062787924580158233153981336
482093418588930967299553162202 867609844408362105280156901642
-634690401715137242127604511566 -559502780003999983416736757808
226548610576229564848375745450 1033503100338005979155360403919
-541459528777860724512045418604 302004618542254305779865391216
-592728149391606217181066470509 -1036188038193693054966221609723
1038988707920049279922972326153 -754139733985554438624427973966
-1082271479078685313694103670444 -1143548059775004734399921072626
665609262106072274548597478773 576612111547170133626982034048
192342692364317615513850121076 -962880472533777362278239500381
-982036766238050703250014916918 -1175694408370744632153577741264
-132398828144557739376801296469 768567901128746181781087772846
587810221379576815245049421981 498491627280025442305779437570
591202492485688137039090107782 -198503155151503022714619291693
-413385201247699540401386270583 805861930511183553771687921659
71632722725876101121267759374 -831363834986396494835892413599
592702449297616049756549770812 -896574204284316665547952778471
663550189981470641168169111607 855180022995546282603581163345
-635983270231297044639212535763 -390669556917383551897882921242
1034828498947305886122559838307 -147856645479578054783843379295
-619976142923740439146540002013 -196648728386443585856205973739
272749830290767288618627993689 -1094361081286435523145523567802
-773892250348128020520673891462 432625878114207741815420214345
-948546899625328109404957815523 -865214358203473361386190310716
-870827449101391390791507824533 -1229848728078300351585578600902
985869961381661182014768484960 -46581827430165423466471209013
-672826058697349919527329752567 -927715084679105558447945373250
-274581797133152700503489269929 -515708464726883817221689960597
-908647649448865426637072782222 -1254696891619003093257423898266
97238150046178417569511748666 -1175412908224718415999753789562
-869899048101983745809913523188 1110855890172995676611190394049
-1031291129357478765093099231806 -330520224558288528896858085575
276985329424405028993913479368 851003665969629161355426174354
-1138777150190254923346186140270 1100553803037219167549808967139
-584694744145279241566784574505 731258730635911647952431889358
472756330092943283924609069791 -784486554982976576194894975472
1200480605765745221128349573591 969272021738669028852745028063
-470147994733999985265264911312 -371359504492892280582484950020
-437462785883166886036221678631 1184954897120324202543229234184
483555955897446670235815584931 -182598314237269492733999886225
65577378295665025459836193325 268991260757947517912232379543
1099544999279263628561518853984 -677749085471949834824980557186
-867936654841173998076189636596 683394172982029463176523372122
-725835453238668512597624566491 842643371300462075072395288863
-767564139520448354406502343885 -559353065812822078105657022567
-856059308766455724888368907687 -287393543412560907830601042613
1102100035792004985477490908143 -162628182807706687948092430019
612125955751890567039088388251 881178612395441143166292051338
1077196750334855922234986407216 350031417983634264157831662662
670099959637532627168036345242 -813159337739047213037341150626
-774670195674887429622918982018 -480981589861898219789693533042
-559539391489579464952594990801 -625327604889664041857710750194
-1030782085948241162604571225032 -130159897140711353203102130377
679706356816230379751942984979 -1056744082909468629777355019107
-308871744239908288228122085867 618843779131007095443615935953
-675778298157109241229865657287 482607616439416774068902527043
-187149366142950820867097896798 1114313404536705129337155209019
-179180935990649127063690629681 -1125695972768017763620185415193
181241490606196603723977378349 -1130769652537342929338658749467
507599860486520391759638931386 572149301305094874886613861981
728585187074267538824806908922 77593201155206856485746057580
878791563254301230291780933725 -474011812945610066001501971009
1263875953737438751388739298614 -953098041837812030406254805815
-1101725505713076753751099348721 -638895146026678339045278156610
-95422696861776810649788018427 -267249284817790452897904996397
64291585764742630757396527437 60320391718238295849940783990
433461326885543916372698729838 1248570769719198233968742277889
440155117846705040026485679663 401364043791291031181321128518
99441016368716367144486571221 -1228430961901204074384135352372
341265150398072388488412651102 -1020608039856860015662878281599
47206617578904517628978012278 -878502624670601470554291729933
878253437794631168858344510057 764197803274988532211966540487
-401121510018605276137461794864 -448991568739987189772777788882
-655973630994937421383481931351 -448834007049659129267934789686
858177623420038632218291569375 -281112149148228558171868875969
-900415543831680920877180276887 -944235126938181829325399206150
788299714153150130919677494526 854919145921849376250881105136
790571656320455885857974115051 -672640973765473385579781701569
540230773863565450626167978875 -389042014500187829427064892748
-674293279945384589545976789974 257433197433471381693146293670
-449535194883612279447240904809 81412679910593224693826351390
-51708816165123026229839840590 -844778238951559035701941264884
-947522221839801031572123692493 -283362931269333304546975754691
1057724348422024507816261515461 1218047162082186806259207971735
-1256371556540071361932402849575 85994671862865404635740707399
279782441182475554755753643375 662513120633212620750022087461
-591140968017363114587322111978 117515885480937589155575499913
841638626151669683235322272186 1093673443219768665297330011078
-301469065827210079575963403307 -1198130123364123293801520767530
-799286278425832413070269779756 -1168584093591560553535571562687
-215367472114977454163999247161 319476619235447531210308859074
1237336214532272421603968196211 -542861908374964144352848231011
-1141249774795311793148644299012 824690958081931366511449609089
-94110322443800690658145982405 958178443631766396343554485034
-943330986822485243366582021665 1200790600079487241434406414567
-78890930070154202003530435523 -1234636673808675292951700019382
-25849927046516006999573986067 132841779084853095449669409302
5605247341812065411596683352 -65252842408654966942981176418
-911132010460546746772643655450 -252218570467436720307565798399
397558232553498108527288855495 -229922665550414016599167384295
524977535290777202456847645419 74970385746167228173157143880
741810310107294065538836185021 704531312635728109793323830434
595484130856234998188043734815 1259437184581698085258410239265
-981100257801860831897440724414 539892545128676495271183334961
1023978385621360362015029050291 1158055606293441994752019953593
-1067709303402219509966485011665 718849832565152772225680979917
299776509730399067294427439423 -1166397899393228777639425566022
-222188340476342182458878082084 -489537695238191488416453868299
-1122438307728571727504107032042 -1146452323647236116212659605084
337153392935813882370622618792 -123737782517457759216590279366
128642610481268924519221656902 -747519631962204873230808458278
-162292716409198519601947851252 377295818592067204380541698176
-964925620873211558421620201166 640322678647010715435795224350
1075817403837904826355045572106 486745621625289732313373000508
1187147918731369377138295947492 -162443821516172464737486304613
801117223784012757065443858789 -220745539636271024306303848912
746106527457711606887708354206 -562861205905770075458800053885
1095677671107917082876361213691 1184227821635957680331627569196
546998017836061199810069209708 -691205861782655839377300785572
-1210843557142984387301226883428 -907690510131362163346590194349
863609400321909597526945559169 1051324399025057485610081370263
998885022102312599866852126652 149327556684620821141773414243
93738117214257965885647310413 -302136808918143292651051140845
-729549762249717353031721422506 -1143001818464599850162243670378
976518396373203243230293661780 1175441084676967781432920574026
670724471965109902259938012975 502996239086133758270410589095
-1225444517559542989290915215750 704508975004821662765105083151
-224760844086835341260041870971 -968405202232938985038891950347
-221606688031729275457668834713 -1220939597575057977652921449254
-539009777274743020235490595612 897054843919973531311097731281
279510389586936176213644243188 499789474256308454022981080813
-243115215393512721607561844171 -391726215517453272561712064949
-88449611412004831065634268323 397939098511789324405657843501
544598098063983881261547705791 540973978870003988433955427603
64936616284881996061365243642 1050807937027738446952748503292
-1137055413865889744484509225987 -1181574926006725408593283211024
1021998460014944139079928974737 442986400906597198752685951168
-1195828813990726021436089765862 -66632043145725712093270799815
-141532664599669608167116207502 309105734946796306836821266040
-811697493734247773802493408322 475564390651283618525601969621
774182738318962869516299376936 930025200046274709393948448287
697204395377496175016374409753 -636511674812732983154903202084
-81961138600719347749230854686 878703322637553558086666439938
679147947607589819201320641860 -700740065872787075845184521996
944076027062002696152109106952 415646040903663505692747713831
13631360384077935927833025905 -21825352291944649287993649761
101524849384750074557289791567 944110409779024160033562154127
-1239000496672283658253984998385 1205680059878846510678969961072
-912577408517754127470210258013 559903641889537144757934389193
-630481109359898790524495269628 -744295323550427216375886167951
-1229156187239346761191892509904 788373907235346558599186511729
-780542448177803831503200968835 479975132038912233362607258652
-213988647392943611590208572654 242290398139016337229280573326
-15394235696291600631225628555 615940272863212627026643663298
-675062231553421970177074325320 -678467229165028963663040777202
842871834438055162803540545410 882573293115795843921144804589
-38521071235503240016947485634 525161389930600428100704645764
-1118649945592475501223348927549 1036547796897461823121030237423
405173387773049469280928074936 1064675074640185595300431393310
-1118951769506914192319773702759 -1070811945237177868817360187717
-607987190279686981992364666335 1161391645700409732935517293741
914863437465402187864399163816 -1054399621732024615881317502472
810191706712163685694086977553 1212839613077640801145823030686
1113996266701067705752122611854 455124231006928382659949678380
-158282539234266104068128376819 -64524946532430639194763636999
773125191811680925864655130496 -966512442427079584275996335968
-1254581338650498983479352315175 781003578847481651600250227454
682386296525536139159150453867 1058550879185459644574352734080
-814778604233084178700717894087 533405315493307760276430698218
185364472579802688164497167241 -154239524674273868978169736196
-505174183939574937720522482988 391152093818622933308610728286
1238906874061762635248888915612 100358389967302858122381531126
227730377296068741733315730466 216948366994572448443881459598
-1116410135433752871894664352819 631561452245361054349489268836
301146447910141773177600340156 -1238882667891230288579614947992
-174405294882262513169833891656 1224350654845348394439622512261
-790629762603989454922722717033 646150888527129263443381153777
-275476408492118273792195971977 -1045743387498372553307636541689
-701412475746949824479013290899 549817155768782308122740813553
-164999210997003579562586562265 -1106156282173205427213116471551
147093449135663548981926405960 1258601123209145190929091417514
864512338960120938813477878994 -722222671749573302729210118166
-1166382671724146575058020127053 -1114288181431365299626404180736
-557035438848876350551680987631 331783694743297841352877638219
-1017421140593238039830174560435 -110412951668846301847841259557
-796319544450555413813020017721 182865506127614040121705602161
-174971628397947031583154499945 1160630871649497432732624940436
-597587240151672506319465170048 1245550568215654183431420218049
467421965580821896433400827675 -716190439720216003439242116745
400905101976730120951233690927 1089649556737202959477146885417
-818297205996778945045324651902 -1266789115019403793381160100093
273179108678365898075373441716 -85704707886844893289517205987
-159773893129485309055594828414 -124297077011759864247488890700
-497727019134948614415048503578 -164628017389394258951098918368
-1017012081114118663396948619220 -964536887072269507914413554807
885686023398357842759803646110 457046440117074413825196246111
-1146710427793136470740782567835 1089264520452361234970714791411
1209180392016932816014962245741 988377635621041237635515590640
-560017795780477155905291953231 -404972431999108626015379288953
-793044313435100603310946072201 -156961667939474559681745947948
-886919174605603623761818448312 553513258593994530466017142716
787312216142431789742549950894 -1233780620920374302174138714306
-496587702973008898130358220956 -647363906261705711154113614434
59889586886929868860806297303 394886924538039883559334495796
294171932060185029704402419050 544688742893836218841663809206
-1177314368241249944156413840436 -600491529594828446292702764378
1246402088907424359839925072445 -760650082288574919784608906820
13579971064366090001472486653 635087920451052330113762301306
-987842351758293749077127779469 -274953253622580394858144973057
581792408396017638292792567850 991724115367794750243278154368
694621535712280086078120996873 -1023661059342483624229794648963
-1212302247571106907715958518064 -252229049037559730693309831002
163841183531091237559508359843 -1170962478177179937976444298280
583531140634100489746365219735 -390922614688252737224189236780
-946693069684508659947676456498 262796608615919930898981970245
90445421600804674282004099181 1127445360102825267291141972667
-753637752097809673431326322322 -439691665735254406579422120779
-589232294837156143700168263218 -1068368908226967573712875027927
1101973255430131457609006760390 530901822739822524844562612263
127678653475441210021727994516 -24852732320269359349766210979
626764651682258240790139178290 -579385405791998635751239032781
-300246929490851982094437257254 784189132462184504801227043534
-1069703257359964700619870385053 576654804019560091455856917980
245480491522091281320767991259 831874911478982316913834466392
320311139235478229168688298887 990787289847305625402915234616
-1055788547805645510608305011563 -913565360739726941884016569148
444608252472324479714950390980 -1062442343509479796323142313
142538465264912539212003191877 216445236147571470504301546068
799071797416804627048931243853 -8745203265301450454112857091
186834370654834343581673795202 -238899421271416101874833369145
284942745005676695767013646210 574454605646797491763465345519
-948507547484669720101936387655 334408219323628743565980625706
532019642716411420662438537243 -779643622335601373975887340258
-148236891823445367826276405501 -727143253825357793817663827049
146918492500269108926565794028 1168480539793636335412996319639
377878281000027609454824888537 277543611779210569431332826591
1005321105948570914998476100105 582335044519025616776508051493
-1264948524358227575401640271079 804981222684108574664015318036
-148566466679869863536071688454 -792597952681787026104635601503
1075084115594443884257571613732 110455705403619128113244717474
1027836231532741516569381015577 -242880756371352694956014857207
-630612445512130000943960891210 -761518938778190197383121784411
-650331272118540134253891798202 -777399447682921138932238272453
644744520343345595380240230073 -491922638300831911618638613489
-354985896740817562442661177660 502089411823046076586363780373
-1003007890077073454588630099034 1246441679512866855792913628991
67749992259676068771148837008 38550742211240273290781868831
724271574488512243758453586776 660934943141356111185776153044
595083937468781326393829005633 -32719352276828166230602121109
628756131481190100046970289167 676027933729408566234215648449
970141694658117294139929677648 81226335472326164732180717998
954717544835043969497789228383 814477421532296352216910314208
1149873181961364680603573175227 761643323231386792523091506193
293319994378467445278855367588 1194597660606454292475084482795
-1075387131620697933069651272619 -1217559786532865657800934888861
683702102123603760030616141130 -122484182278198705184798931491
-778823844153623690683997517236 793833983606216795327372280853
-1246266319732760862333503092838 1011086408216294138349325641544
-228724120110179221676531219213 -265616827810880423337525987048
350507246735800789501520719273 -651363308193530705809005817965
-1002843496041598639090591880420 -612445217195613037682505835527
700643305905226543391759053258 -893062596314093144131000663749
-1214566432358602312693340510665 660387031469625842253530722813
426718448659255254960081959028 -1210305580074252669186944544938
7502913156136136211486543773 -98372437584060338590069486101
-107648140799722149301387317592 633166967543663835467821586243
-84993909886048730531851134655 -1095003743852757224785827027755
372216184010703540927381389469 -1143459154415076789748947995363
-654955782764736457508659465644 -198297226114101298622764520691
-733268770773358814550447594743 851229190769267116546971504218
-898926173739388986820565732741 517584403332589764558250677172
-934996499873480950799482246827 1216926793857501363218855607191
416688054961815665275510260893 -764145013233997365663189538759
600553542353196047829071560099 -386754082120356964761630970676
-1074933798523557110452726503675 -239968358981420658350202850998
-950417268924005535553056980448 -1187772215118707035664539948269
1066724482932452272692007288467 1117652234123590362830218375367
-571331476802870935056555305371 -446261107272057551797763079609
163846314362125232343711869773 -427777361199558769450429016990
-381420200881537108429421082682 -357750763836929841677984424936
754105707068124850777327230268 -1004334729989232204131715502346
991658190138777383792470610970 35870825886194384812666813858
-1044031554261957336254132051103 -359972879518940068900703849320
616596079338834097775966217146 -457966144279899104761549393816
-178907741137691741211556120032 7723597066288229048604177507
-337340539316230451447833579175 112520403746708239959173033240
-852965036335746271322360640756 -915224087427691588065708924466
-601993864808574722127068670257 -1093139837721511297804841285172
852917640611508361457960964562 809406717243692575279443422093
-421916867254823952867395297008 265523088241849594800526214806
969112618987754648953558284510 272403536772270816300655405994
57547491428425295089743561791 -689200103682834002798398641678
-736652114098888287127475109264 873714937564312581950011116950
-927642308931221871820899830949 -467918720804602388024210602318
922003358853684750431815369481 890673192367971325918827025931
26638642795738444425489693418 818181297107056802574398011912
-182308918996266961384036182555 -676974962378199315405517922323
-312873976393182217946186753564 865997856475573693157731348747
523627536217451657549816577701 -153610142562908246316890344412
43860088630558918953081196692 -168948180491730770755667422398
151924507579813918261547593760 -672056959570861279467553975494
1039170617222650801447574748764 283451590306445278507246950089
-628266751957458543434239476202 620459678315790296438672828020
209122621299455698829307844259 -1141260420624364599706007352133
-1217820430601482649233459886457 947746843518801341510006164448
999481132075739114811292258918 -665687860139313726252119043755
-867491769034850308688111158223 -346051763670726565349027483871
1160021202365017912435606130350 1064686938627846069091909536003
-574995537714752246246335153820 -1082024897079590483414753768841
-885511377420692442647101595454 1205706453699243666355161158206
-558880982578889472662287071995 411918655905981185465574900333
267245417109576252431784715153 -519646684822983522886793816544
-209123178121427489612903261081 476394526118433690820345200262
1065907051219617280685774249972 -1000552886921215542217098986283
1024419197461055739293138269194 136923926791515540672556653275
-445283639019992259145780050008 808610971073519410938474858942
-3386363624116388723459259979 -559988554037070866890556989094
1187159102755493295633098633816 -579246265453311327761755311835
279603302337746189942126735346 91846673012351078641453979114
-922071799611621429786000359129 -582003680336353269763909078965
257757080819707895963394795759 -843897734402620413792433651427
349781680809202851903951762541 -1067502546194287375681334335359
-244869291117315569059030929337 520158176078068346121324044001
-736434037483688700894302995695 935392799090135250806881938904
210627641100222815213969468783 -401888506110876094555570564020
628872021176255658292352925914 67931932790842286399425364937
7419288490207453760470359104 -578758327186195496894116143933
-803317280492449653605368746991 -569389230695284131672581519954
1130290447746536772793337024376 -303679435945930305144372673471
-1109668359947295440591392629071 540731109487549481792762917047
-684278658935910656507365933439 464038789182465950288563082869
443526300651887061643492935270 213475670146848799108025706836
-905662980814043753436538931550 -420366836261041237755117950310
-1036707237992155907720270793297 -1166749312464966007532538536386
-54151068287274208788739932291 -853408603322096525454545131564
-918617892462527896693036537498 1143355211269894932446213539106
-1062780569086136494896294319074 51928348060981044624914543589
565219760121423614447857511341 -448844307845030450249751459790
-582247034812870927937902283542 289825619660900213464277955876
259664431693695790778940205346 -426394508320761599168760432822
-921176390712565783463924068511 250515007844203429564181800041
330261949251968097223322894409 150032600232114850881506935326
1190800572705563538072657847205 1221614040925266543727559406018
-635775264921773400669843019884 1100432011466048365376296727200
-4541299549977955097062709187 975851305319155060151392170695
-1108012807412332832139312843658 908077502533826889328449128967
361455859416725195499027326895 -1182731840554266699230272810806
-511684637091118331380574259658 -593655737692251216203049372582
953535969328576525638557241779 1258665702083482477345670285755
-920788925198833904474711672579 169295954269508693013306794292
-886637292903966199733170687153 1119176187544392651146685012158
678544299862702913293824834042 1068283467265191065017822847674
-135735760966540293938665532876 164540447363770055493941758709
930173619314784143088240068663 -882393120072814016198091644906
958608488328562164335082571612 134503823302122436802230446442
470144822703796079832177511492 1191296630707769808837888156112
-990855075012627332689892253193 886578960336042215825669620849
-277451801998812025497385310074 1200728349756760628168234250261
-939386449600554850387042597217 514141899251806893932186695851
560505129902776328553312720051 712754559790950838641173530597
409716416097247828494608930537 -1045781393860939253774550337994
-1037871940910293837632262578554 -397834494081337275848138942202
-804501291513164811470950015927 -39679009705628646995750075389
1175183721216256189050928785538 386451736494713554131569887119
251580437933393272161387850078 342005185144797338262386141708
-485524489089577787762400596772 -206593106322693183362945303896
-797944070416859763743134941733 1222381929652677539171912749108
1016543467004799490871400627953 -1169726878524037589039887818560
988060853468410734632577464181 -54514558593028665756735707812
-776767643724609627960951017770 -606339257473619630853087847854
996695852829058086954725574056 773409880962296651417306987723
560314785935305699164965663543 -513906557780137308746338450740
-746755733957613687426669936024 -1094587962706264081032957079453
1114989009491544635169002827536 661555744080311633026272966992
183459275896233529976068992474 57247838694791080534977336295
-174898127709508425902296248733 1154842302453030323484696080505
-410511226343593773677863683230 -689599344961720657684831086857
139247738668220666075018929003 511133115956949664758254271412
-378691018335509120590902165897 -1031147112630809606083960976063
-704092432214523151008646831470 466838863147484711728000740101
745171812242753580412614195404 1213589770352698085324792687156
122535222840838518715363700179 888448649044518450166199138049
18563287499562952847954446265 810006586645786760254146193718
1083121267117039559062373678131 6533690128145427059123578508
823781449062649565972489489049 840815258422807350653532076500
377067602286847616570383807266 22204020320545711925482666541
674115926636936724939224548982 995780306858428490710229490075
465473458410589140973527134082 -626023913080694624584904470714
871240434088401796891850984898 881013381253203311573641721305
725666169268911893523345863812 -479651190119797188333682981926
19832114401145040431720726826 244356740968860802426487625987
402627203091410428290732331081 -1138005854496184729715628000715
352091360390035912456784525376 781980130275146134664418420960
533508432519213427322014740026 -962537231924705768131118907131
-1038466625964306877421992280506 -39924308065205631290386215027
-811550089817134446293293141797 532367806082094376923323879511
531140638186780604553847407867 -435425925456995541601884930219
-481325245223687413765932113371 239193668574412174634998926113
-1061729997457128776141126741606 -648764663117730835251129476143
-555100996703466755460592786519 -1168594788284871455648918198244
208761155701942415950690566317 -10212309363105854717629649852
696201755739302646192080992494 -1168503126675514107520018818238
881795868838632129132600426167 804304115115977223602056246755
194519859398998816602032548793 79186103128610621871116562285
767691436108554425510803155562 1001950505795903688572133721254
700427665067344205461268136504 943616330437014139007762848198
1198221631463627210287139247853 -1169107087726472979736116838374
-1060149419446344567303849365269 1128147959764517118815550020186
1112445732967026776081481753694 614642168749926701604293832490
655431055229453028403449363493 24528276855700213114055820343
-317695050685629117460688661468 -900361673919394559455995316216
1053726072930160707867860110580 284066135859855687931408515044
-656344631292016841653239805349 396540875203555137186867842209
432763359669952032160572652362 -974999690767967518939756312992
32735942490159567724340640959 -921292548675268369899870516369
54156946302016080597439011374 -1061898011703387730557721216394
360191813945340861075316910434 904433334596845622866829950250
-507500809809542670558036008907 -923726173394585375829667523517
380344660200612716066959990570 482808026869470708546832362536
417298507108802657091681798235 -855610004930016765738847687965
-696659411041162044470557159300 -414591662115653885361652824721
-43981963210822014898790468001 -603705853750690972832895697382
-780930897054313773348785018922 1122256569652740663841657234796
-388946112901652469340185810749 319564323657966613814645305762
315775246014544589006908410838 1084183906604305648036054196068
-398044705102766158936171728187 -565627458462322256075552512372
-711329320227109569838004339748 849839417089177496164450968558
-154994946507617663442562908149 -449536784652467743358403522660
-1087518443309394174351650023386 -831566482944303900873004425385
-996891165405251555368122847635 -599515798457946933293714564311
-1144855041180711637805895834756 -532108102133719206779805215890
843257976833839023900015401033 -854864551683422608963333303667
710552148168956348425142465654 -118576712792056197877590482755
-118883002282834571892105956696 315024469411917005936455965077
946544509555103611363319157156 948888044618809274790560777625
1126903982290831749286191373719 1150093568549372595777848522554
242472233457008109138802488599 -658376344950496962096379598115
1067326740225180809420331963655 692303575611726908882058245678
-914475417840098033770292654262 -831376366344624322030688523151
80825964439438321471315092053 -261036309213784326484532822832
790334867902668986559921104524 882913821005577949676131351075
665562425099470249710753127379 -812229602020452421851598012540
-1220178205854557122277189953224 -1062460783896086004501873391914
26479147166439523379883552056 -269353913081258562905693022575
-155811690569558723323597058539 -819340137877160509660656641710
-593934085370125942678310331856 -470630652208637286279603851725
1066506563385380899947891028900 -1035647408669798880696812059892
-213426838364541041662787624152 249260933406976356056365159297
1218999447748153665989931052845 -426700247778128819260047684461
-1069115864342717844309323537029 -291575081895503058631334438905
-1156296027390363364674722332436 204109271437317004621629026919
-206143730117211491070888490329 -1129424379921343880218744573278
-446179125435622258016113002336 -616611761145755969165168341330
1080276635833855997977619352547 -1064269092802961148934107242378
-570146567850994064034279323853 -289375037651957789494159703421
-1116919398472147008403043221909 1250192284898080980961065539080
1170458647792377863570864694622 741372461090387012506027387829
-662808463817148621547546742875 1057546175400637442922393694530
487755769744850770287435830920 -636347767951572745924372784695
-239153699144942745426009227916 -804276581549768765261286521797
1050716929559868705304666072343 495021806042964957649688361257
1264882600161073928545402796340 -1239384445461636359205618158755
-178998938845907501528523258544 737174072527491678086931683252
223834612876556027160180959480 683700664354889761623712276959
-57446618540953887657840490594 -141162022309363357089618767455
1250045197407969299689340930718 788314614991155760987813459784
-486855535313987693479827431179 -421336991375518998712766916461
1078206396916606011313898987977 871319303888475227696547583128
-342593825557531112075344777003 -1142937386575432671786215098011
-360670257999453024531142005051 -827774164554902186382531151596
1170760397340624141452537970332 27028703111073053606768844277
536718336985660756105851549738 916511475751633028460310670657
679388631937337725933542679735 -17120020564318632352525219180
-502842640189587788143912418874 853416016315667071137367024965
-1175456894393896260697376456117 -1064555006130838582501520206937
-1012984412739118522686550503332 -711139280302584302288939991492
-374130388840537823320094420459 -632631799333845487362897990333
-440034790039960867439125291442 218697276248480983704248578191
246462096879413739337039230611 -1057955971368001314580385125002
656557169736924710622426597244 -434229694238859694310861707182
1175675132006617695382488288259 -1071653050836326197998711604809
1050275830101628513316437514369 154296377471838710945657225457
716457888866086755515387300182 -804836044054807990480303845200
156042903216040179634970700760 514952251788581499263504570397
-870714910240765029424869097962 884383570123199683667228544986
687376066419358976456993194318 611107722956927581172192014844
1028351703799598216606885733134 588654691428592066359879330461
363138978689401636056523395171 -698922861886034156579583735320
-1176955004152132978804151018727 892602589604811105160941592095
342540469056026438296040764770 -671672900708745754369956707922
395099802190222972738965492411 -852569001919464422233839554436
567047786208273134737468155980 393614048053416932644134206961
-341739151645832365294500581574 -896521626323113046442082865291
873701761880880378581085955427 1152310216233894966804478466387
-7039667946220729794655411725 1176233682411436417449489180290
-767897448026095351544869461357 456979007404311735563864847925
1144783974934340490566718547572 -275447485545291823010242091957
-1166973832348926857288973895844 -1263439075425815293513784762756
-48115271798992183436939647051 277635615225037855831339358633
-46576572147465630837238678208 -1077413630619020043774563019093
1131618680399058155625517716708 879049269308212385097045223412
296135556370222168123498816239 -470413407422612399751976692621
-42070931169746739062332683057 1077011505055958730154332826162
-782737604539930188180571966596 1056011502488027360166786609356
1058625408414791055418150441017 847940366204456571223514977076
29869413418494060304447420136 873128935952118448729550502131
227877985242492074419184046252 277897138668770778106109823107
270935285809216489151603777863 -294566924629083419835593835038
-137952305353726761735940913565 54815816454892012385689555019
-506965971424309270687811996836 434430611102176050472564053650
421122744775799483388671541153 -1072422909801777603865632865382
-1067349267196600930010783212488 -299144330236415094144005422383
1021615604080731643444216360615 49642216695478079427465622470
707422119773822275783243342411 -1045859042072418039100006269016
-916987515693512984628433855060 -283492096482239906720021861686
-244677594777573962788658356528 962484831292709490447458876460
780070126743376943553214371258 -332919334968950347410600272734
-157690369397465860430085593880 644055663969125560167445850962
-537975435438457409086829262726 -61030785763667758319052857784
877766296706977144266368942395 -399306014099836315684795652819
-1087480714439241707966980297093 1011945452652483005935092581220
525700753622550652298205847427 -1019017575569556076933861055289
1201307390279022942403397394258 -942625585603561171643063358739
547132025116337960032682469228 1164995196881054408212070548632
515124976636551123025241211827 883380301721016589374926220026
1027409594535103709014235841600 236704077224398832147652483684
-376919481602265546357073610295 -1173803977448652114910190493922
497772974420625944347268360363 1136335998067421105168847959236
428784252811926682905906414000 -1084731731582369848333998998111
-273502068372157987411374731100 -818436000062624242106512615718
582270341952107159813655956083 63765244456143073136146956224
-550175486494627451411197658471 -165607881885859151164605980407
-605143195890943011216876286480 -923675563991669832786505373255
1051156448953127474142563725423 865992690068673052633840590816
1077143539003544108064680730966 183935206933982905593417824102
-674948933491841332920381935051 901788462731764707241644147632
-862660481187362781527611246522 916290875454541919297556584104
1213927093783256745056579530658 -855019753894093504363185522109
672388259985444570009409423787 152976457835408644124315517473
345645313325337620812118949785 729881914810581398131739497994
498702262826080072742677524613 -997679741153258424003102499350
916651400596165853186119421026 188488744402887117700640578650
-1064675425424621633781752655041 -291509595068523322403800534356
-721176977538751884693496701797 492944916558788562073953927768
403830538966226234376044180413 -396503284001846724847524061870
623768618851191599721312599972 93175924215797192118790678559
484175541566460090135242655089 -1026957862545254608976775784875
-946202027035873054881431909231 1116820565210179048295703761347
-473727360002982982521084834383 996473900906979289071010069492
971190751779473576203006314291 86796774986814870137801997169
-774293406611423002991939751752 954566098687386820331593482669
-92890371939608124565493927274 -1147301095698394830693744301874
-1247943280146037771304033580242 -304868347841385552177058746578
-742434808203048934731804554613 -682329319212340428823864552871
-499545590774250924310437511759 -601956886507894968947452778256
-188004168424085144685283747802 -7572432430665228216806561719
-766931774096892922564750870558 -207440627103655348659397849092
365790637635503939497785786380 -642885142533167559822135014955
-506014207654704756891176354737 1056354849521772432864843590723
-601330529120427710613441688941 -739353428683654422704875392951
-928993017379948117405488969966 649417725382102899200388688316
1019925171028353086057576424726 -565530035166649261697148174811
889771475954142615938672066444 -877848329520977150314058476853
588862389965485847760719644839 -385294417563844192461539605240
626875126877753060360027795606 -262512429729335764091112102486
-476815083339994452595884634910 -814281428090126215446732472320
9762199422410797870009644491 -479037121476013722461209050543
-919394973566334476981835109196 -173653969231287966295689388670
364198023606498396167981751133 -9292407004446654649034160407
-1001955254959976859258749617180 -123317750910742352256895934147
955136495997523683555850511639 1089038740724382693688365675146
198862044832370812307123765652 -428535099823076068851630247982
-572845678128544566678118153646 -1093865141211124282334809739449
-543643577353934624856310735244 -867709167699724615388352826399
-912945764436052538431965606612 -1061783505923525100603767586583
451009682042783526748038792912 -271223137981959841193632397511
216794141143613500692809714667 -501221822867827490377921249068
-774618217046150337574672542388 669709916747819425597683147372
-286524779704673083175783396890 -126966991796997887339395880368
-93380060061002888757111656306 -1160388432173831056155365986238
-392259605763121275563234516957 -354894722131588728760839328415
-466748711068617111894876093085 -402405908576110664596086707700
-238741063698338823665115578959 -774990095232201758543030964059
-1047882305140364457823044710583 1026516892683609907696827523180
-550328018495519117225105634207 1047746415836043166194079268444
436181223944413829953646622456 961423443354331905508759288617
-130011038085918674963315910956 -817135774094821756055593117986
1252358056125787758844258373146 -157907022330038390274843683513
-571037647593454866225722121454 -1111574568360555073530251902601
998524419696137827789073334626 -153364820038450501649030934862
-60798057167967478188137934982 -1199963491329952552857666842079
-505064920166954725762968778066 -571996937788344618591767769430
-942349022560679942879292530506 -612997082263721686336207721478
462066584627319123103026917657 -1199094866443877631939148028003
1069468113937705481428404868503 -984287240882667955493157309409
333463648504335790450823694315 832579575228957027966889001639
126505062918689287447186826520 -442778062009940546426150579598
-204981079317944219874410242855 -252484554871196875913759723275
357303791013306131374593222147 190038480501418319323437837800
1043318926793381252773464341144 -842407640646791248221481816655
274511711094961341206680541381 -43526667282463377156772901495
1208869497660219427670558519319 833900310243727973104282415455
-1119056758847060583780788155322 -854611578121912457469731393336
-1185756159263451383735347710768 -1254800980364546052165956544540
1246779355347121321978141572746 668391950943695243253939483153
-899744808640599425253108182538 59787813190199853981180987660
-1077304052204546559089587339863 -368698922624854972859672438285
-849738535714361225465559970557 71345734041928418755738319894
-318888339032766779583528927607 638982897019878143767470315398
1264485628755637616901245629189 -98149511439233202822340940260
274813841939225998168135959250 -236644492306575533188921131074
-1142493267106431922738687448215 230158338712270614438593809322
320224268778261230061351519784 976471849262891851193243651501
-88756381317378965088715918369 913924258882761830254048696883
-765914339767375835098954113133 -1073339939648456160360641217019
