3 10 11
1 1
1 10
2 1
2 9
1 7
3 10
3 7
2 10
1 6
2 8
3 1

1 16 13
1 10
1 3
1 5
1 14
1 11
1 6
1 2
1 9
1 4
1 7
1 1
1 8
1 13

15 12 14
8 9
15 10
14 12
14 10
12 7
15 9
13 2
14 8
2 6
13 6
6 8
1 5
3 5
8 5

11 6 10
7 6
8 4
2 1
9 4
3 4
1 6
4 5
3 2
8 1
3 6

18 9 19
10 1
11 7
4 4
9 3
4 3
15 8
9 9
6 9
3 6
16 8
14 2
2 5
3 3
17 9
3 7
1 3
4 2
4 1
8 3

4 13 5
4 1
4 13
4 2
4 9
3 2

9 9 9
9 3
2 2
9 5
5 8
9 6
8 5
6 6
5 4
8 3

10 4 1
4 2

8 12 10
8 6
6 2
8 8
5 1
5 5
6 8
7 8
1 5
2 11
8 4

17 9 1
9 1

13 10 5
3 3
13 7
6 7
1 8
2 8

15 7 8
10 6
13 3
9 6
11 3
5 2
13 4
12 7
9 7

19 10 15
18 6
6 4
19 4
16 10
13 9
18 10
10 6
1 5
13 4
5 2
14 2
18 4
6 2
2 9
3 9

6 10 14
5 3
1 9
5 7
1 4
5 2
3 9
2 6
1 1
2 2
1 2
4 2
2 1
5 8
4 6

13 7 19
3 3
10 3
12 3
8 6
8 5
7 4
13 3
5 4
3 2
1 5
11 4
4 3
11 3
6 5
13 2
2 3
1 6
5 7
3 1

12 14 13
11 8
9 11
11 4
8 10
4 3
6 14
7 12
11 9
12 11
1 6
5 13
8 5
6 11

1 19 17
1 5
1 17
1 8
1 16
1 9
1 6
1 14
1 7
1 15
1 19
1 2
1 13
1 1
1 3
1 18
1 10
1 12

8 17 5
5 17
4 16
8 10
8 12
6 3

11 6 11
5 2
10 4
4 2
10 6
3 1
8 6
5 4
1 5
7 3
6 3
9 2

2 16 1
1 6

15 18 17
3 12
4 8
6 1
6 17
4 14
3 10
9 3
1 4
6 18
5 14
12 8
14 4
4 5
6 12
12 18
14 12
2 11

16 2 15
12 1
8 1
14 2
3 2
15 2
4 1
13 1
4 2
6 1
10 1
3 1
11 1
9 1
12 2
16 2

1 10 9
1 7
1 3
1 8
1 6
1 10
1 4
1 2
1 1
1 9

16 12 10
4 5
13 10
4 11
1 7
15 3
10 9
9 11
10 6
3 12
4 1

10 10 14
3 4
8 1
2 5
4 2
1 3
6 10
8 8
10 10
3 8
7 7
2 1
8 9
6 4
3 5

9 16 9
5 4
2 6
9 9
7 8
5 11
3 14
8 7
6 14
3 2

8 10 13
1 6
4 1
2 6
6 2
1 4
8 5
1 8
4 8
4 9
2 10
6 3
7 1
2 3

14 15 12
12 5
6 4
13 2
6 10
10 4
3 15
9 3
13 11
1 13
4 2
7 5
6 3

9 20 18
8 14
2 4
4 11
9 9
2 17
3 4
4 13
3 12
7 15
5 17
5 7
4 1
4 8
7 19
8 20
9 1
4 19
8 5

10 11 13
9 3
2 7
6 1
3 4
9 5
6 4
3 7
8 10
10 8
3 11
5 9
7 3
4 7

6 14 12
3 11
5 1
4 3
4 8
6 2
1 13
6 3
6 10
3 7
2 8
5 10
3 4

12 8 19
9 1
9 5
4 3
9 8
4 2
1 6
9 3
2 6
2 8
1 1
9 6
1 2
10 8
11 4
12 4
12 8
2 4
3 2
5 8

3 2 4
1 1
2 1
3 1
3 2

3 1 3
3 1
2 1
1 1

19 6 11
6 5
17 3
14 4
8 2
3 1
8 1
12 1
12 3
15 1
18 5
13 2

15 17 14
2 1
8 1
12 1
11 13
12 4
14 14
9 9
15 8
2 7
8 4
11 5
5 13
15 16
6 15

9 8 6
8 2
7 1
1 7
3 8
9 2
9 5

8 12 17
1 5
1 11
3 11
4 11
4 9
6 2
1 6
5 3
2 3
3 10
5 9
8 8
7 1
1 4
4 4
4 1
7 3

15 6 2
3 1
5 2

19 8 16
12 5
12 3
17 3
19 6
6 2
15 7
2 2
6 1
8 6
4 4
3 3
14 2
11 3
17 8
5 3
12 2

20 9 5
18 4
8 1
16 3
14 2
4 8

18 17 2
1 11
8 9

14 16 20
7 15
7 16
14 11
7 2
11 4
8 14
2 11
4 5
9 11
10 4
8 11
12 1
4 13
13 1
10 12
8 15
3 9
6 16
3 12
11 9

19 20 2
12 18
17 4

18 18 13
7 17
2 3
4 3
17 16
3 2
11 18
16 3
10 11
6 8
14 8
10 6
17 17
3 15

16 17 20
9 2
5 15
16 15
2 5
1 1
4 2
16 6
10 4
15 2
12 14
6 7
14 10
14 2
4 12
2 3
15 17
16 7
14 7
15 7
1 10

10 9 17
7 8
10 2
8 1
2 8
10 6
10 1
7 3
10 9
3 9
9 5
2 5
9 8
8 6
4 6
2 3
5 4
8 4

16 9 10
11 6
9 3
5 2
2 9
4 2
7 7
10 8
15 8
10 6
15 3

16 14 1
13 14

2 13 6
1 12
1 1
1 6
2 7
2 8
2 12

11 12 17
1 12
11 11
9 5
5 11
8 7
10 9
10 12
5 6
3 9
7 11
6 10
10 7
8 6
2 3
1 7
8 5
2 11

14 7 17
7 5
10 4
1 6
7 7
11 2
9 2
9 1
10 1
12 7
6 1
3 6
12 5
5 3
8 7
8 2
13 3
2 5

3 20 14
3 16
3 17
3 4
3 3
3 2
1 20
2 10
2 9
2 16
1 19
3 8
3 10
3 19
1 16

1 10 2
1 5
1 2

1 3 1
1 2

2 20 7
1 1
1 17
1 6
2 12
1 13
1 18
2 4

11 1 8
1 1
5 1
4 1
7 1
8 1
10 1
11 1
6 1

7 7 8
1 7
4 1
4 5
2 4
1 3
2 7
3 4
5 2

4 1 1
4 1

6 2 5
1 2
4 1
5 1
6 2
2 1

18 9 3
5 8
3 7
13 5

1 16 12
1 13
1 8
1 12
1 5
1 14
1 2
1 4
1 9
1 15
1 3
1 7
1 1

4 14 20
4 9
1 11
4 13
2 7
2 9
3 11
2 11
3 7
3 9
4 1
1 10
3 4
4 7
2 13
3 3
1 12
3 10
4 3
3 8
1 13

6 9 9
4 5
4 9
3 1
2 9
1 1
3 2
4 2
2 8
1 6

15 4 19
7 1
13 3
4 4
2 3
6 3
15 4
10 3
7 2
10 2
4 3
2 2
9 3
1 4
14 3
3 4
4 1
5 4
8 4
12 4

3 12 19
1 9
2 10
2 11
1 2
2 12
2 6
2 7
1 8
1 1
3 8
2 3
3 1
3 4
1 11
3 6
3 7
3 11
2 4
2 1

11 12 8
4 7
11 7
11 11
3 6
3 3
2 8
10 12
3 7

5 1 5
2 1
5 1
4 1
1 1
3 1

19 6 8
6 6
7 6
11 6
13 4
13 6
3 1
12 1
12 4

1 20 14
1 10
1 8
1 16
1 17
1 18
1 1
1 5
1 14
1 13
1 19
1 15
1 3
1 2
1 6

11 8 6
7 2
9 6
7 7
7 4
10 8
9 2

6 10 13
1 1
5 4
6 8
2 6
6 10
2 3
1 6
4 2
5 10
1 2
6 3
3 9
3 4

9 2 13
6 2
1 2
8 1
7 1
1 1
3 2
2 1
8 2
4 1
2 2
5 1
3 1
9 1

8 14 19
7 7
7 5
5 2
4 1
1 7
6 12
7 4
7 11
6 1
2 8
4 9
8 10
5 8
3 4
1 3
4 13
5 12
8 1
4 2

3 2 6
3 2
1 2
2 2
2 1
3 1
1 1

8 19 1
5 13

4 8 5
4 6
3 1
1 1
3 8
3 5

7 12 18
5 6
6 4
1 9
6 1
2 1
1 2
6 8
5 4
5 5
1 11
3 4
5 12
1 10
4 10
4 1
4 6
1 5
6 12

12 2 4
10 1
7 1
3 1
2 1

12 3 8
1 2
1 1
6 2
5 1
8 3
2 2
12 2
10 3

4 6 1
2 3

3 1 1
3 1

13 15 19
4 6
10 9
4 9
2 5
10 8
2 1
10 15
5 6
7 1
13 10
5 10
4 10
13 7
7 10
5 2
12 4
10 14
13 15
10 10

1 4 1
1 1

11 5 5
5 4
6 2
11 2
2 4
5 3

6 19 8
1 13
3 16
6 3
4 3
6 18
2 12
3 8
1 16

18 1 13
13 1
7 1
14 1
18 1
9 1
17 1
3 1
16 1
8 1
1 1
6 1
10 1
12 1

10 4 8
7 3
8 1
2 2
3 3
10 1
2 4
1 3
4 1

17 13 11
13 13
12 8
2 11
7 5
6 12
14 8
12 6
17 13
17 2
14 6
3 8

7 10 13
2 8
7 2
3 1
7 5
4 9
4 5
3 9
5 3
3 3
6 8
4 6
2 10
2 5

9 11 2
5 9
2 11

19 14 11
8 10
1 3
2 11
9 3
18 4
13 1
2 6
13 14
1 13
12 5
5 13

9 13 15
3 3
7 10
9 13
5 10
4 8
4 11
2 8
8 2
8 9
1 2
6 12
3 13
6 5
7 9
6 1

11 16 19
7 11
8 13
9 3
7 1
1 11
1 14
10 9
6 13
2 16
10 14
6 7
3 16
5 1
7 2
2 4
1 3
3 8
7 6
11 1

15 10 11
14 7
4 4
11 1
8 8
3 3
7 8
4 9
5 9
11 7
11 2
15 8

15 15 12
10 4
1 7
2 4
10 2
7 2
1 11
9 8
14 11
7 13
6 10
2 7
12 10

9 8 1
9 6

16 17 20
16 13
12 8
4 2
7 5
13 6
16 16
12 3
1 10
4 13
13 3
3 10
11 3
5 12
12 5
16 6
2 4
5 8
3 12
4 8
7 3

11 3 14
6 1
9 2
4 3
10 2
5 3
3 3
3 2
2 2
1 2
5 1
10 3
11 2
3 1
6 3

18 10 9
1 6
16 5
16 9
13 2
18 10
6 6
7 7
8 9
11 6

0 0 0
