1000
8360.834 4569.795 5748.622 9159.012 8266.467 5039.120
6024.579 8154.114 3865.700 4786.288 5385.528 3904.483
2727.024 188.333 3633.931 1832.095 1097.714 5141.456
8462.264 9512.451 8283.937 608.640 4274.804 8066.075
1809.019 8986.801 4628.996 3483.207 1398.407 2107.581
825.839 9322.620 3411.394 446.383 9981.944 6912.918
4439.100 7827.510 4639.751 6569.898 4916.329 1234.561
8754.163 8153.273 2609.331 5423.814 7619.246 1862.676
1267.396 2389.609 1819.221 5205.667 6528.959 9715.977
5674.127 9786.794 8691.625 3934.083 5706.701 4548.417
6299.881 5787.806 725.280 1802.576 5598.907 9062.426
6025.688 7515.291 1412.527 7623.595 7762.363 2042.926
4353.813 7766.398 796.412 918.968 9899.139 8937.317
3743.875 1929.913 3245.238 1900.392 9662.959 6309.786
3652.411 6201.236 2598.261 9544.835 6772.827 1435.520
9626.789 5905.816 5943.617 6058.513 5732.472 4581.430
9814.478 7190.415 6304.889 911.497 2171.693 6563.809
1394.805 5200.169 2480.858 9698.917 9835.664 4597.216
1253.135 4950.142 5472.052 5969.950 595.310 6939.477
2250.982 2240.241 2608.495 5055.338 9453.019 4828.314
1116.132 2944.021 3785.847 60.116 5675.757 187.031
8143.226 5577.022 7934.009 7882.456 7828.819 8236.633
9136.530 2875.415 1994.696 3900.907 4575.694 161.486
3979.587 5702.105 3484.625 3811.850 7726.705 2320.848
7625.632 8377.390 738.682 7909.295 6209.206 4750.398
1913.036 1767.151 3113.958 8362.467 9728.692 8459.993
7976.021 8791.649 4610.652 7057.943 9441.611 5851.790
3572.298 5461.449 6387.151 770.970 2580.986 3422.248
8464.398 9806.471 7171.671 6663.355 9520.236 9995.602
3056.707 6809.694 6451.431 2939.115 1637.264 5716.343
2234.846 5896.924 5563.248 9552.642 5288.998 2671.286
5008.052 481.931 3066.848 950.264 1598.397 3923.410
4896.865 4696.854 6788.908 6715.652 8545.521 5695.801
7144.920 2104.011 5224.939 9780.402 7526.673 9561.522
1690.035 5728.381 7363.020 9207.059 1940.013 1022.785
6575.579 436.510 3554.582 3721.929 2433.536 3769.924
6759.169 2129.531 6117.793 5515.800 294.276 2853.281
4478.719 5633.819 7465.056 2723.113 9459.979 3926.473
4561.010 8054.987 9794.196 2776.443 8138.299 5880.366
2379.866 4122.116 5028.754 1407.196 8186.050 1038.422
4861.589 604.746 3940.180 9824.561 2736.221 7436.831
3586.389 3107.640 6867.581 4948.508 9070.811 8055.673
6920.565 381.417 4872.140 6229.362 3734.630 1693.908
6702.756 7804.826 1783.673 9929.149 6811.452 3053.447
7879.998 4205.735 1198.776 955.453 3166.475 6640.708
814.850 5592.746 4120.922 91.877 52.536 1391.951
180.273 7575.464 1362.003 1549.371 9019.050 1872.010
5449.690 7442.918 5947.679 7036.491 5163.901 5931.587
6979.922 1196.435 3137.058 6379.931 9882.585 5668.893
6.810 815.313 1377.024 1744.249 4700.664 1944.644
6092.927 1017.198 8190.974 6109.445 5557.992 3200.647
1336.644 8037.767 248.645 3857.944 7249.297 9931.759
9001.103 6016.512 7072.073 3200.766 7479.073 3723.903
2709.950 5529.159 3702.948 6782.905 9123.481 6711.346
6670.648 9486.180 2823.614 6838.294 864.431 4256.893
4205.386 9832.341 2379.852 7605.862 2406.466 2984.357
4380.903 7164.187 9651.742 7441.871 7298.714 9194.183
7736.037 5702.017 6250.435 1163.302 9087.963 6735.006
8535.489 7717.502 2541.478 1365.777 2788.042 8501.471
9580.680 6119.535 1568.143 5257.708 6158.320 2734.107
8140.653 8649.433 346.249 1969.912 2906.083 2447.569
2156.471 2837.757 2686.615 4187.516 6683.436 5780.049
1516.807 46.013 9939.943 930.575 4586.967 7649.800
6913.332 9922.924 655.056 2471.396 1499.308 2372.618
328.034 3505.716 7890.839 8615.455 7174.993 8282.636
9700.970 747.384 7711.245 761.828 6347.840 8821.998
4390.292 4181.816 5337.369 9162.403 177.102 6354.227
7672.154 8478.022 3728.449 3608.200 1695.520 9537.842
8021.173 7879.865 6176.474 854.223 3983.945 3005.396
4141.065 9249.655 1171.478 3320.420 8488.149 4021.771
3335.873 1377.243 3158.230 5081.112 7021.132 1336.933
3644.457 9325.922 1598.667 4927.750 6629.229 7955.134
4408.715 3812.439 7067.143 3264.307 1607.253 6337.219
5078.946 8012.923 1367.854 1070.397 8988.440 5364.470
8194.950 7988.401 4636.275 645.416 4980.228 8566.267
5722.966 4624.049 5182.921 506.430 9285.131 8857.501
4852.145 3479.493 963.523 1834.505 2847.766 9071.751
5335.380 1250.015 8113.223 8903.639 227.268 6754.434
6291.506 7722.446 4485.400 8352.105 2310.326 3044.569
4126.943 5474.476 644.283 2928.193 1324.632 3791.813
5231.244 790.244 8697.051 3772.419 6967.904 3739.766
6776.398 2646.075 7508.897 642.991 1413.032 8642.968
2860.593 3162.914 313.474 9750.297 6727.951 3209.576
8735.025 8873.655 4723.633 7856.165 8809.534 5319.399
3107.751 1678.000 340.845 9657.585 4975.954 4633.020
7945.302 4586.442 4509.133 1496.155 349.571 4596.932
1103.179 1104.184 5484.033 6678.613 6051.949 7696.157
5786.434 9379.490 9999.499 9704.790 2016.809 7244.083
1183.909 6621.528 6258.447 4124.394 5396.969 2969.717
5047.454 9053.044 7218.118 6289.969 6898.178 5986.198
6289.655 4692.089 3047.753 1259.495 2194.014 9203.398
8869.798 860.813 7670.282 2564.778 3846.110 7470.154
3300.638 3257.718 973.477 1474.163 9420.887 4216.993
5369.699 2385.669 9508.651 68.451 2622.673 7274.987
6185.244 3209.350 5324.723 2093.111 5740.969 4424.396
5902.928 319.313 143.002 4916.196 348.178 5880.604
3585.316 4910.370 6299.994 9928.449 5533.894 1253.501
6498.671 7921.967 9252.333 1555.896 3042.866 3598.885
8934.735 952.585 2386.504 5045.872 8253.461 8873.004
4652.385 7008.862 9030.748 8173.857 7918.923 5375.249
5946.788 6499.356 1456.033 5299.559 2375.435 1986.256
2968.239 9324.015 6840.802 3539.982 5374.865 5620.767
9180.764 8234.223 8538.440 8162.968 1179.882 3585.540
7244.835 2332.000 9912.151 8634.897 5691.307 0.099
2443.059 5709.178 9954.983 2901.124 6347.754 7033.108
1313.901 6287.064 8274.357 4134.817 5376.059 4938.295
1867.376 6859.153 9476.631 5934.624 6131.691 9728.144
9059.310 8788.246 507.997 9516.679 9738.568 4804.907
6257.031 8303.402 7353.142 4716.394 77.933 6891.674
7393.303 4865.797 119.861 6778.344 3377.631 8888.514
1388.451 3285.875 4064.543 4249.768 7057.219 5607.187
7948.978 5231.147 6523.395 4240.390 5573.244 8600.835
8793.625 7371.838 652.714 4419.252 8227.305 2274.557
9865.355 4498.891 4054.537 72.566 6321.625 8717.649
4247.990 8984.537 5783.474 6060.014 7028.641 4969.574
3852.994 5527.295 9674.768 3845.813 8888.360 4402.209
3178.637 8482.422 4201.548 1277.950 9236.362 3640.661
8295.800 5570.806 3991.116 6882.449 8945.890 2584.650
6571.432 944.259 3282.000 6527.346 6099.499 255.202
9728.813 8361.910 5712.333 4348.441 2695.197 344.956
771.836 4572.612 7308.682 3368.692 4337.490 634.999
302.212 8797.271 5733.288 4290.991 8939.007 478.214
7165.588 1963.163 2339.000 8521.381 4637.234 6103.572
3266.912 7792.513 1417.009 1433.590 42.085 5358.864
1515.068 4288.766 4830.138 6048.067 6067.009 9294.420
6085.146 5936.825 9791.482 2712.393 7462.082 7825.102
2239.839 3849.147 5089.630 4489.954 4109.348 1566.317
6829.558 1356.983 2480.092 1518.378 9869.880 6020.754
7148.779 2055.179 7661.851 2406.181 1482.881 7339.341
5056.242 1030.574 1990.538 6052.661 740.274 6642.213
3004.132 5580.025 4216.333 2596.891 7443.547 4700.296
8250.219 5952.431 8186.120 6470.041 9576.488 936.284
87.863 8340.309 8134.054 4165.044 9309.351 3812.295
207.877 5381.324 4986.463 9264.458 5012.641 7992.069
2726.243 8313.780 7089.550 4431.926 127.268 9037.708
5850.749 1630.085 4748.238 5818.233 5300.393 675.801
3341.371 228.760 2344.545 3114.050 7405.880 9035.907
6328.034 8267.024 4878.398 7566.414 4273.263 7396.787
4360.715 2269.814 8387.356 6730.625 862.715 5283.216
2302.296 8983.430 7228.935 7127.570 5579.492 398.198
1937.801 8616.705 5580.524 1962.719 9690.321 614.822
686.632 3845.392 2007.149 6928.692 3020.813 6453.038
1678.786 6994.832 1444.653 795.865 4772.618 1485.398
7.183 3708.331 8205.120 5453.124 2136.264 1665.905
2552.541 6986.139 4216.339 3746.763 6130.889 6882.945
2507.365 3424.591 5139.864 1164.567 7318.578 4299.551
5080.198 8445.745 3085.152 1049.496 2756.174 5174.973
162.952 2400.945 2844.868 8467.037 9185.861 3215.563
4743.564 1807.521 8718.306 2567.641 2126.455 9302.797
5270.119 3256.578 5.892 1410.482 8033.356 6686.771
3196.384 1311.711 9703.949 5982.478 6842.352 6186.367
6226.281 4283.432 9021.136 3618.848 6812.034 6245.057
9863.291 551.289 8196.516 5396.386 8192.580 4321.861
1987.656 2189.417 2374.605 6685.890 2246.536 2067.818
8837.678 3340.793 1044.365 5090.481 4319.833 2177.005
2156.110 5592.717 8629.215 9012.134 2134.802 9765.230
5998.099 390.768 3441.614 9193.414 4157.735 7071.758
6719.075 5631.686 927.872 8866.873 7342.495 1577.161
7988.919 2328.057 3488.303 9012.922 7762.598 3400.730
4829.962 7418.907 9200.223 7426.570 9389.858 4784.723
5324.615 8187.478 9474.348 2711.867 5465.066 7483.099
4334.725 2767.538 4966.018 6850.845 2847.638 3256.438
8257.495 6264.031 9420.275 2397.981 5930.144 5430.567
6138.572 797.729 1951.452 6356.460 1992.820 409.121
7447.342 4400.446 778.287 8397.818 7671.215 2357.775
6419.062 7949.454 4903.980 5473.888 8280.484 3474.721
2649.483 8412.686 2370.080 9211.858 1607.067 5969.155
4651.486 8962.606 1040.460 323.536 7436.934 4160.603
7352.514 7033.237 1916.293 6342.012 4717.273 1502.298
6827.762 8100.847 9776.840 9095.890 6004.693 6020.327
9647.974 4234.193 9225.238 8558.411 6518.682 8420.180
4217.782 4678.225 9676.476 3470.984 6906.541 81.726
9873.293 8737.474 4275.627 4832.751 1097.594 5218.394
9865.919 9995.585 8941.951 577.278 9965.596 1809.997
2136.266 5922.530 9715.205 8299.391 3818.364 2930.179
7339.526 6415.665 1778.652 1379.861 4169.822 6418.706
3980.059 5202.472 4609.805 5400.662 8824.112 615.166
5951.268 1555.320 515.887 5395.516 9813.308 4030.452
1645.167 5830.885 8523.812 3469.949 2596.820 775.420
4961.433 4062.431 2109.884 1398.693 1090.442 8159.840
7946.507 5869.585 1611.737 918.299 3140.272 7640.300
3802.587 8265.975 2118.327 4142.777 1732.471 8374.707
4192.536 6723.443 2809.041 5205.706 7144.006 1943.603
2198.796 4374.145 7573.204 3086.560 6314.510 6978.459
8842.163 2828.356 9386.176 4841.471 4990.311 9676.102
4362.133 7072.712 675.560 7485.906 1567.451 7245.451
9854.205 491.107 7196.662 8237.088 3840.803 5257.242
9558.879 9897.666 2182.689 6036.115 9222.622 6511.566
3224.380 286.014 9996.361 9008.773 8547.997 4699.714
1061.136 5844.538 7484.349 8912.277 6003.530 5112.082
9067.184 7733.101 9999.370 6248.695 9775.717 8801.933
8717.708 1149.573 252.146 6529.881 6306.572 284.122
1037.674 4807.485 5239.753 3494.918 387.776 1954.081
7172.110 7931.333 5395.174 6023.333 1731.052 7834.939
1620.649 764.837 5993.202 3189.691 4610.975 1181.906
9636.156 2825.665 7762.703 9943.603 959.286 9184.082
2598.009 3921.723 4536.655 9964.760 1929.499 9348.808
3066.961 6535.176 6227.827 1369.424 8492.137 8557.600
3540.442 163.801 9430.659 7993.065 9758.167 747.426
1908.126 9538.511 3901.578 2690.152 9951.097 414.281
4768.152 9967.993 5989.278 1838.110 6164.403 4977.082
6976.581 2087.661 6674.376 2231.506 3985.079 6484.261
1590.715 9713.935 6077.689 6518.010 5483.923 4284.442
1364.982 6495.850 9571.516 4656.390 1831.948 7486.120
46.582 6471.294 4481.483 9393.055 3668.364 3492.543
3530.908 8885.831 5782.588 8855.782 9110.025 1309.935
4510.586 4570.378 2177.678 2424.235 6065.545 7045.038
5049.279 625.418 9932.459 7217.947 7632.882 5955.914
7642.091 8323.985 4254.121 4721.846 5808.474 6934.407
8008.099 8670.821 9891.027 8168.272 3274.451 1903.116
7982.902 7155.546 6925.675 6146.999 4557.400 9862.751
1581.992 3775.700 1077.853 6800.504 2391.702 9487.239
4379.718 549.975 6827.338 3031.034 5100.472 4384.129
6267.622 8130.995 601.553 3119.640 8366.922 1862.874
9889.852 9078.782 3699.495 119.659 7988.858 7382.087
1916.966 1543.379 4237.388 957.151 978.117 2524.452
1184.863 8285.733 1895.595 9457.286 4435.131 9108.961
50.993 542.939 9112.538 4323.448 2963.385 3084.687
2039.302 8653.361 5299.986 9159.930 6622.015 5530.196
162.741 4554.126 8101.853 8867.427 8346.042 788.251
3945.095 6315.264 2349.326 4486.089 4380.421 5891.081
2172.805 3364.154 6619.188 3637.518 6948.732 9556.527
602.018 4015.137 531.460 8171.779 9142.057 9379.615
7252.901 7556.651 9756.118 6905.723 5238.769 7790.250
654.250 7959.659 6248.591 326.464 2717.623 8182.661
9188.907 3320.813 3357.388 6692.633 2596.781 9397.037
9543.726 694.632 7248.607 853.320 7511.051 5994.031
7001.897 3189.021 7556.748 8956.217 7899.357 4007.302
6079.485 4256.624 8590.340 6820.902 9721.588 6456.053
6174.602 4649.335 962.090 2356.918 6790.409 7526.197
5697.545 6118.665 4082.191 3793.009 3843.095 5395.463
1828.343 279.475 8455.368 8320.769 819.766 2124.182
5731.100 1797.356 612.348 9081.844 6719.583 8841.353
1972.796 4291.821 1860.388 7339.381 4158.991 4333.397
4112.592 8056.416 5146.654 5604.370 2826.139 5512.501
4283.087 8939.515 5836.040 3886.794 3076.406 7984.665
9867.694 1813.671 9762.118 9884.932 1080.463 533.930
8181.086 21.198 7047.641 2789.831 2860.219 1564.101
6770.518 3855.945 1160.715 1409.077 8419.914 8640.457
2837.711 4282.008 5276.154 4072.130 8669.348 9842.659
1322.573 3362.276 4265.305 5224.125 6637.665 7741.518
5948.540 1045.530 2604.458 6987.218 6873.779 7993.777
2562.474 188.447 2971.528 7499.915 7681.048 2754.265
4731.459 1616.758 2007.828 4969.194 4445.347 1911.300
5362.823 9820.634 6796.427 1551.780 5986.499 6166.919
5475.911 7340.859 994.966 8052.524 4511.822 6950.990
1599.916 6914.413 5408.576 8257.641 9134.746 5647.022
8986.315 1771.328 675.478 2117.450 3746.043 8341.368
1210.536 1621.593 5398.448 4008.587 3435.665 7554.908
3835.124 7360.435 2623.511 5074.638 5788.134 8833.118
8125.352 9446.266 3620.538 185.266 1825.625 7179.450
9198.944 2044.339 5070.459 6683.367 8264.045 4943.811
458.404 9012.277 8789.733 7467.548 3895.139 5357.750
7821.211 9936.532 2821.712 9519.068 2743.823 9419.243
874.019 2330.291 9305.851 619.434 2886.945 7326.094
4378.281 1000.314 4312.217 9778.275 7040.877 4814.477
643.503 0.479 414.087 6979.662 633.918 8284.281
494.063 2964.507 2472.841 688.831 2337.022 4352.835
7025.366 23.949 7053.092 1508.537 5957.779 3680.506
2422.024 2923.061 923.268 6678.131 995.329 8940.402
6266.392 822.766 2803.590 7404.471 6538.580 9454.258
8956.214 5743.592 6699.928 1450.652 6037.972 8657.719
8628.323 5232.071 8429.523 7013.808 2576.154 1337.860
5295.320 2366.573 3095.456 4368.518 232.450 9389.802
1105.744 6626.798 1308.365 8280.918 3417.269 6767.420
8904.002 4833.449 7566.427 4831.178 464.905 4727.269
1124.905 2300.019 5073.629 9161.117 8052.190 7716.413
6736.113 9605.310 787.389 8357.393 4498.996 741.469
7710.122 8750.560 4557.041 4555.935 9982.193 4754.064
3336.126 2922.233 281.931 3517.938 9360.323 9683.433
2796.789 2923.486 7953.699 8535.931 9477.300 2229.908
8190.817 4416.888 7068.128 1677.663 867.405 7910.603
8249.201 1270.039 6728.282 9246.069 9253.528 1892.180
828.249 716.256 5381.698 4747.644 9360.942 5510.089
9296.032 1464.342 2373.976 3835.461 1938.971 1527.362
6994.671 93.888 4653.672 5404.856 4046.041 5519.251
6193.945 5675.159 8547.177 440.749 6234.002 1931.663
6207.449 262.468 2190.306 9603.515 782.740 6859.373
8339.409 1963.918 5309.079 7787.007 9181.292 7092.666
3452.984 3320.804 7679.075 5354.968 5999.741 7315.397
4165.429 3070.797 7596.960 4778.437 7122.979 9193.682
9346.473 6393.756 4042.708 6184.135 960.354 140.387
6838.619 9030.828 680.903 5349.031 689.258 2204.198
6993.554 148.348 6502.851 6185.438 8625.457 7336.307
374.068 2285.360 8644.779 9724.124 3661.440 2764.994
4382.435 5625.387 3568.612 6497.250 7641.684 2701.158
4763.274 1813.442 6408.657 9606.232 4180.922 9723.440
5313.233 7365.108 4222.957 2732.273 5297.042 8333.933
4571.924 3463.275 759.793 6613.230 7054.604 5212.235
6411.882 6603.314 1780.792 478.059 5426.331 214.408
901.407 4745.551 6487.000 347.051 8998.079 4094.853
2829.781 2869.985 2658.024 7887.034 7668.178 3991.575
4348.265 5485.382 9182.302 7772.888 7322.634 4616.765
6393.059 2115.587 4502.260 6124.608 9782.134 4056.085
2415.961 1708.156 9307.539 6325.113 6014.620 3073.227
2268.249 8937.994 6737.229 6250.173 1125.894 8381.817
98.946 8435.248 9437.507 7299.364 1122.233 4555.664
1206.708 8345.475 3528.303 6499.986 1570.609 2554.158
6745.872 1035.830 2777.778 3661.523 7636.300 8178.739
750.086 2225.695 4799.962 9626.423 3408.547 6969.956
3425.223 9954.217 3979.188 9846.768 7726.885 3329.985
288.645 7587.572 5814.441 4540.940 7770.916 432.260
9310.275 9842.777 5037.997 5553.250 6644.215 3822.399
6087.799 8608.676 1208.399 7826.810 7329.147 2990.215
4038.768 3840.898 6808.648 7615.721 3393.026 4049.996
8080.891 5717.382 1417.201 3975.616 933.935 7881.560
5408.220 5440.212 2900.607 916.311 624.027 2490.540
849.051 9077.988 1894.471 8632.876 1675.213 3637.871
5398.739 8477.646 2261.061 1476.510 8441.741 9959.441
7847.926 742.691 5278.869 6556.940 3453.239 5613.720
924.508 4433.862 6362.483 7661.752 1781.209 2633.558
1032.322 9247.674 9517.937 2853.410 2984.651 3034.851
3368.513 5787.005 989.024 587.110 1656.405 13.219
328.759 8308.123 6274.869 5616.755 4676.992 6982.193
5972.616 5959.513 4143.480 9623.020 6387.921 3705.185
2134.104 642.458 8366.299 1728.008 8029.875 5475.684
1975.381 6790.387 4077.801 5892.779 8586.509 2276.050
8036.038 1971.100 3375.329 998.997 9171.472 5418.827
9915.659 1200.165 4705.697 9729.973 5776.457 8941.468
1354.012 666.412 9807.025 574.172 5963.660 6037.112
3810.894 7652.597 4406.657 3269.118 1997.304 8727.560
7817.489 5173.667 9939.373 317.826 4169.324 3349.980
3994.398 9478.906 7567.757 7918.322 869.664 5616.663
5623.027 2739.427 513.082 8673.323 8711.748 3847.205
1787.095 2879.079 393.988 6406.850 6670.276 342.907
2150.137 3544.296 5147.338 446.273 9738.412 8363.941
5233.330 1242.268 391.649 4773.075 3583.337 1178.049
8541.063 150.615 4149.626 5879.326 8653.681 1657.339
5627.152 8495.439 1231.244 2995.783 8291.636 3677.571
9255.435 22.638 2495.700 1293.628 1061.959 7251.915
407.617 8781.486 9725.662 3114.250 8093.216 5547.395
5127.600 4903.959 7525.566 6667.817 8817.437 9866.446
9061.972 3162.874 6088.459 5996.694 2148.579 8372.872
6428.220 5898.089 7328.362 600.092 3131.842 7590.906
9602.023 9367.455 7557.572 896.620 1875.396 5791.951
444.309 6402.670 4665.709 1552.458 6549.316 7707.862
9958.385 1071.209 5493.546 1970.924 9533.998 2046.492
1949.281 9933.254 469.180 9355.380 415.595 6603.783
4262.780 9912.535 408.270 4347.316 1940.877 8923.264
2192.469 8649.126 548.937 8418.627 8689.413 2924.006
1117.635 2871.851 1671.924 6481.755 395.405 1175.117
5768.897 3419.032 3587.803 9434.739 1853.329 65.757
322.293 6658.161 6090.029 5176.841 2568.788 6696.794
9372.191 3086.414 4989.544 3749.625 4673.735 5355.198
9586.023 4169.539 6351.921 2072.482 8939.977 1427.065
5685.758 2760.223 7761.022 5385.820 8593.873 8546.354
1058.273 7664.875 6676.396 2536.629 8852.534 3830.286
2470.871 2320.346 2144.258 1918.188 1745.911 6201.466
1227.007 467.408 9275.224 4274.247 3573.519 8324.362
2498.725 2214.522 7207.850 5161.404 472.344 8947.984
2070.520 5789.908 4696.468 9049.892 8940.269 6110.524
1244.094 8984.967 5702.083 8920.390 3469.047 1547.035
6176.827 6999.786 276.348 8395.654 5852.076 1294.073
2134.062 351.294 5705.118 8672.443 6284.499 4403.063
4324.423 2803.746 2197.798 5386.947 3516.441 9600.378
9563.643 2854.688 1607.895 8847.124 9193.227 1298.231
7518.198 3125.873 5688.928 2298.566 2023.373 7531.300
6378.801 8291.303 5868.934 1029.136 9949.085 5092.261
2919.517 1747.410 3744.148 903.357 2300.359 7682.932
6230.507 8748.395 8247.047 2946.174 1921.548 3533.953
6934.566 8036.982 5368.909 9947.831 3514.689 2857.982
6614.950 8471.667 9408.467 9645.050 398.018 9399.166
6487.157 9532.512 8467.469 9782.308 4346.205 7491.260
5960.878 1803.744 144.422 6005.965 5585.562 3783.660
1666.029 3439.669 7586.774 5311.485 4307.333 1495.966
4201.830 8570.580 5668.246 1861.946 8042.263 6271.159
997.374 7187.828 6172.453 4954.131 3163.949 588.382
1940.260 3748.741 6064.798 144.926 3440.611 4022.240
9506.315 6447.611 8377.675 3338.774 3402.106 8692.804
3999.584 5519.107 887.641 1104.302 4186.961 4192.383
9863.912 1998.160 944.999 2315.455 7177.935 128.553
9006.198 171.392 3766.878 6482.502 1565.624 4408.465
1739.871 3248.077 7185.187 9830.019 7058.645 2535.430
5636.695 4281.529 4301.070 5784.003 5996.539 7986.816
8639.141 2055.825 5123.632 3206.792 5333.425 7016.589
1780.075 9332.320 4397.882 4264.026 9908.508 432.569
7937.134 3956.002 3785.299 469.211 7399.692 8887.704
1353.219 587.749 4098.853 4518.451 6430.464 5930.307
5838.182 3486.520 8987.880 4022.733 1308.718 1723.163
3726.856 1464.009 6260.289 1126.255 3114.818 8761.811
239.824 7504.810 1109.127 6997.843 4605.715 2075.414
3817.806 5034.855 952.140 2194.987 5312.601 4258.074
549.371 8757.192 839.346 6600.960 7652.195 8040.768
4941.623 8175.985 3469.159 4803.255 3835.174 2255.099
8240.757 4085.499 9232.748 4870.521 4364.719 1716.709
8083.774 8446.172 1496.018 6452.734 8199.067 3961.136
6002.924 2160.827 6283.874 5696.473 2101.543 3672.797
5956.827 2615.085 91.600 4943.199 2408.572 8172.235
2839.536 2240.207 5353.230 3178.415 8043.498 6464.318
1650.064 5721.034 2970.487 2800.234 4607.917 56.883
5362.500 5825.447 5424.861 5349.936 3048.540 3442.234
8149.738 5518.778 1762.597 6678.270 7948.444 4546.280
748.934 525.879 1931.622 8154.603 1318.509 9235.856
8827.874 6507.545 1825.283 3132.531 2344.711 5832.929
4854.242 2949.592 4563.706 7501.458 205.782 7611.171
5078.019 2007.598 6082.993 5445.554 8872.301 1485.746
5630.465 8738.600 4403.361 2673.492 1915.872 1062.505
2341.160 3089.724 2343.093 8149.559 7593.266 7103.678
5543.840 3787.586 6632.842 1310.438 7105.966 3049.775
4779.709 4629.720 4401.034 1531.747 5814.726 2757.232
8334.861 6248.111 5119.116 1764.949 8767.252 2339.000
1235.827 8044.837 1719.006 1452.227 6600.572 8243.952
6560.550 1571.012 8141.536 8561.427 457.027 5288.042
9972.818 3000.366 6665.259 3861.102 500.681 7840.523
5432.015 4080.105 4174.231 8817.143 6669.524 9625.580
7631.445 1160.868 570.418 8299.652 1738.498 2997.064
871.801 2515.768 3480.059 8806.123 5688.699 1339.769
3542.725 937.899 8209.916 8174.086 8867.613 6655.378
6921.150 9886.309 9407.235 1258.644 6186.499 906.910
2365.449 4270.817 2483.565 9588.072 2050.731 9124.110
2001.719 2035.903 8797.843 9939.208 7946.392 8029.502
9935.024 9630.702 4074.163 639.495 3020.495 9888.705
4312.073 6693.016 1653.835 617.648 3566.844 986.001
3286.657 4028.929 8088.988 2479.764 3914.173 8096.930
4809.084 5923.675 7311.490 6046.707 8341.853 411.038
8541.965 7136.007 6754.468 4296.490 4930.279 4351.794
426.611 4290.525 9888.723 3869.594 7122.393 9161.946
5557.949 3363.939 181.611 3525.984 7957.452 2503.332
7032.383 5481.989 44.016 9791.741 7718.515 4739.412
7680.516 6307.662 5551.691 9524.904 6946.180 7468.562
3366.150 7175.408 5074.723 9242.885 3923.690 5084.633
4280.824 6530.717 120.160 1840.481 7326.581 9725.277
2233.387 6876.691 6730.852 7758.821 7421.667 7735.723
8054.550 8149.364 3230.003 9402.454 8881.038 5804.663
4108.315 8528.206 1322.406 7789.427 654.717 9350.445
1526.850 9892.587 1460.884 8981.919 5827.795 2540.463
5709.683 7328.463 5050.966 514.029 6976.410 3158.517
8255.105 596.538 2340.404 6264.809 1832.013 4101.149
9224.675 9515.145 1174.802 337.863 2043.395 6530.117
6423.265 5731.831 5696.935 2319.515 8456.200 157.052
5469.911 95.828 5295.967 6270.069 3783.704 9678.795
9429.054 694.160 3202.564 67.883 6581.137 7692.611
4756.133 4294.350 9632.672 2730.751 9278.094 7895.521
7960.579 735.946 5936.010 4908.784 2476.844 682.758
606.291 7685.027 406.453 497.535 2193.523 8423.755
279.177 1644.673 6882.344 1544.218 5415.390 8788.230
3108.479 7813.363 6114.438 7947.138 4616.783 8586.227
2470.475 6618.058 5141.132 331.751 2482.848 8661.837
5305.053 5327.922 5977.198 1324.000 8842.598 7450.637
6218.696 4668.426 9381.066 7991.387 5667.749 2263.510
4158.847 418.355 916.964 5566.190 7857.293 4536.006
7610.006 2482.644 1704.682 1567.436 3572.952 5524.482
7352.391 6607.434 3367.420 4755.647 7255.211 5257.541
4651.434 2656.043 3831.543 2803.311 9121.547 3697.932
5778.798 8812.374 1732.640 9599.530 3367.426 554.473
1739.067 4862.532 764.672 4898.052 2874.251 2150.954
5759.168 1518.225 4191.154 6282.022 2115.984 1353.233
3461.056 6915.420 3559.392 5864.110 2532.347 5409.520
2626.893 3717.122 3073.018 1208.230 7139.968 5856.229
6629.402 8823.898 7594.247 7679.551 5875.742 6350.459
8951.750 8766.821 1581.275 9893.507 5422.851 5792.674
2898.643 7462.245 8645.369 2743.414 6941.261 4816.475
8485.682 8292.633 7876.994 500.926 4279.186 4673.758
960.600 7971.432 9571.998 2836.243 4295.478 2041.040
3748.798 7393.183 8298.942 3116.149 7055.314 8217.917
515.119 3421.440 4491.084 3017.299 8766.067 8174.721
7648.802 3615.877 7605.556 2930.410 4583.127 9910.188
2461.346 614.685 2737.579 6328.755 7895.573 5208.792
362.031 2619.874 6378.530 3192.101 2356.977 2296.727
3927.189 2013.492 4975.476 594.598 4772.448 9861.636
3231.619 2056.318 2982.135 2658.169 5305.283 7104.574
9090.521 7109.235 997.379 2453.700 8772.897 3866.372
9046.870 4589.713 9012.811 4833.770 6683.251 8013.267
9251.675 7017.594 5080.271 4256.724 2352.563 3770.549
333.813 8768.239 4447.106 57.762 5373.813 3493.587
5410.886 9350.767 3251.394 6899.774 1393.729 9829.833
1502.992 6995.777 1728.499 3572.031 4793.236 7847.512
6750.079 6982.657 669.078 7240.789 6987.492 9744.501
1429.691 5036.571 125.886 9710.886 2830.718 400.890
2883.942 5711.607 6413.230 1911.841 2563.017 7526.193
3689.117 5923.506 2765.834 5646.548 5193.140 8153.649
7127.947 4933.741 7671.646 8445.247 8105.609 576.945
3256.856 6463.301 1444.671 6300.202 1312.175 7893.894
1447.134 3012.547 7005.802 7786.374 1007.162 7495.463
7378.210 7691.450 4785.212 8503.440 6149.475 1044.010
4046.058 3534.809 2738.992 5488.650 9733.265 6096.756
6013.717 8235.438 1997.884 1586.566 7018.904 2002.150
6439.365 5146.107 5985.761 6045.478 9362.465 8560.225
2433.260 9001.111 5913.229 3625.798 8751.319 5471.273
7261.380 2176.353 2895.703 7234.807 643.571 5336.417
3127.925 5754.701 5870.262 6327.662 2579.131 3590.165
4239.930 6157.075 8012.066 65.215 9888.529 1140.177
4792.361 4054.189 8207.819 6805.219 3000.016 1585.883
6746.673 283.315 4454.901 735.614 3612.905 5981.375
1675.830 7866.677 1208.353 4793.170 8738.325 8287.145
5952.794 9772.441 7070.269 1801.901 2546.936 4833.901
582.395 3796.575 1308.391 550.417 5437.470 3505.135
7946.186 3404.535 5193.938 394.885 834.596 2047.937
9681.984 5.071 9986.727 5717.320 2539.496 4664.216
5430.106 9484.643 3906.482 5907.554 8396.717 8741.166
1396.552 9102.101 5000.961 8846.743 8480.635 7188.909
9231.304 3871.023 2618.783 9520.229 7583.379 3903.918
4852.273 7200.327 5814.174 4611.892 5698.239 2400.541
7695.979 225.798 8231.590 2917.200 3460.737 88.967
4256.719 6249.921 6230.375 2082.796 9875.824 3861.146
9936.644 9196.598 4060.144 9729.298 2691.903 1160.831
8499.107 3498.806 9869.968 2339.619 6160.741 4239.445
5551.494 6490.731 6055.632 5372.203 8511.198 4824.410
9532.967 2827.245 2901.099 5879.679 8672.243 7239.870
6107.346 8921.203 6302.402 7769.583 6288.702 5369.465
433.571 9490.242 6964.091 7522.746 2905.861 1237.738
1069.369 5212.268 2273.985 643.229 2184.393 6892.167
4910.863 6369.093 5188.169 5479.515 4485.708 5386.365
6784.497 5796.915 6733.513 8729.552 324.794 3892.621
7905.689 276.391 7941.635 1025.171 2857.245 5987.808
9643.080 352.686 5178.916 8123.285 8658.646 4135.576
7409.773 2031.612 2001.555 9265.347 9048.855 4893.559
8664.318 7833.537 5475.515 3466.519 828.360 2380.245
3815.484 8668.319 1925.867 4705.053 6173.952 9225.961
483.765 4412.163 8504.275 7713.136 7958.189 3711.760
4352.980 2027.174 3986.960 2964.563 6351.639 7795.133
4901.847 2832.439 4779.530 6162.911 2279.579 9974.963
6328.969 2680.247 8892.929 7198.892 2250.384 2191.801
3152.785 8173.824 9879.140 6932.156 4367.904 6676.376
5661.924 4302.550 6670.255 2980.640 4411.481 8457.879
272.261 1380.005 2278.501 4886.126 9139.815 1229.902
6134.582 2248.926 507.152 5469.657 4515.802 1939.516
2851.005 9515.684 3861.399 5769.640 1545.476 6206.791
9760.298 5903.943 516.845 7666.212 4388.416 1466.800
2137.715 7905.459 6567.921 9851.987 3627.616 1628.204
4440.770 4087.060 6638.335 4756.423 1610.285 2707.795
652.771 9229.382 6787.659 8704.852 5759.448 3864.616
4032.519 1012.927 2652.089 4238.675 2451.627 3209.710
9508.111 8623.018 6197.592 7038.811 1933.998 4506.257
3452.928 5741.705 889.859 3859.913 9717.801 180.743
4306.833 1713.214 8191.803 3126.299 8867.710 2802.111
7018.691 56.010 134.173 4923.421 6943.886 1363.719
8194.457 5941.469 6876.876 2235.332 2787.448 5914.706
5893.754 2621.875 5983.541 2258.400 701.927 5631.101
9870.006 680.744 16.859 7324.694 9728.988 4096.396
5851.858 6305.652 3151.300 9593.302 9232.374 7267.221
6771.223 9864.550 3178.544 3839.975 4246.698 4880.414
3586.823 5097.586 4857.914 1645.165 7154.531 8266.488
4619.902 5539.057 312.777 89.912 9563.508 4228.647
9538.403 1680.774 3598.424 1070.758 2111.132 2042.090
5332.943 1833.945 7157.480 6699.764 4728.223 2510.302
9716.430 2775.950 2915.831 5780.827 7508.639 4180.891
8748.638 4105.528 9825.676 4082.158 7346.280 1648.311
5777.663 3451.714 9415.307 329.653 2846.260 140.157
4682.547 4645.131 5362.055 5168.226 890.495 4094.468
1769.537 6406.556 7491.592 9222.899 2610.761 8745.866
8207.332 1686.815 5571.108 8724.412 6555.601 4386.194
7699.468 3724.216 6181.924 2987.462 4703.607 3848.570
875.841 6098.176 8407.427 787.079 7705.037 5563.268
3753.623 2126.749 2269.633 1289.909 4175.156 4003.935
3432.819 8757.687 7213.154 3016.366 5637.993 6878.199
7962.860 9459.840 8890.358 7087.452 1493.844 7859.312
7897.379 6862.507 4436.054 3033.084 4951.851 1993.748
8228.698 6040.700 2717.522 4100.005 876.020 6297.916
927.365 966.440 1397.295 685.437 692.067 1945.598
1069.477 2311.728 2960.346 1518.774 8400.027 3913.179
1607.019 1004.534 612.859 2317.752 6594.859 5824.566
5701.861 1029.484 6416.009 4334.995 8316.334 4786.659
4126.664 225.415 2900.217 4583.252 1488.565 586.627
3748.551 3818.870 142.127 750.981 9283.191 5563.211
1000.783 5345.313 8334.044 6286.973 5735.659 9441.524
9798.101 3127.441 3212.749 1049.449 2796.522 4604.218
2381.048 2947.377 1957.586 2973.226 495.345 4306.689
9339.450 4079.191 8356.533 5785.308 1543.555 1807.289
5479.913 7541.439 7506.135 3527.256 5994.843 7607.143
5345.371 6065.156 1525.727 3363.214 7893.974 9019.457
972.068 6885.220 1348.909 8667.137 8829.880 3010.392
5970.399 4804.811 9592.982 1722.813 9698.570 3914.719
1652.840 9488.774 7718.565 2098.277 9994.793 4251.348
2162.755 9751.504 2005.107 7685.171 3030.901 2596.763
9258.209 3520.611 9218.934 6747.259 9491.551 3604.857
9182.744 6580.554 9751.493 551.632 9674.158 7726.028
5652.471 7892.340 5759.363 7717.624 2124.547 8259.652
1406.189 7111.287 7663.842 2865.322 3879.540 6814.794
1646.947 4919.297 3338.058 3089.269 4783.571 665.970
119.495 9281.396 4252.096 799.034 6113.577 7742.471
4144.915 5004.237 6067.878 979.561 6507.845 1694.914
8609.386 1350.946 8817.324 7343.537 5825.260 4788.267
3775.052 3757.652 3138.496 3220.962 30.511 6821.584
9375.078 5799.888 284.785 5733.800 9483.862 8815.433
3462.350 6130.970 8608.013 7044.890 5022.331 9965.079
9810.427 4415.425 4160.058 9139.205 170.033 6448.484
9117.883 4611.956 6073.610 5851.375 696.145 3310.098
628.180 6396.819 581.507 3560.382 1682.226 1271.828
2977.222 7312.351 453.923 50.223 4414.823 7710.862
3730.690 8636.287 4411.285 2774.122 7611.891 9115.235
9273.720 1197.427 931.317 3864.274 3279.433 3719.879
7825.917 9813.874 5683.346 1796.673 9210.180 7757.605
9526.132 4403.726 802.719 9435.404 6415.100 5295.053
5797.915 5999.692 450.564 5522.336 7223.728 2177.308
8726.085 5127.257 2061.670 4617.588 8909.508 494.658
4035.328 2084.453 8816.013 9774.014 1484.192 3823.568
4175.002 6738.593 4399.891 9087.860 2370.539 9423.607
5835.881 8548.053 2287.194 4764.421 7327.361 1859.103
7849.228 9047.863 5035.616 1325.619 3831.462 936.228
8893.762 2615.293 9273.153 684.033 54.100 5258.849
3662.730 2990.170 1549.666 148.450 2320.335 3193.845
3467.431 3804.454 8516.964 9273.782 6294.423 2236.862
3625.995 8177.764 2897.427 9457.682 1983.296 5227.085
9484.265 8775.819 1396.685 2604.360 8891.159 1295.946
5023.086 583.736 2834.215 3627.471 1951.213 3085.067
5275.327 8924.007 3530.395 8141.682 7252.790 6262.111
8400.637 933.970 6603.192 9348.395 6115.315 9731.522
1552.591 252.166 4135.608 1631.726 1512.501 7106.623
2335.900 9603.398 8545.189 3387.775 9959.613 2882.698
2189.269 8362.095 4074.177 7418.582 7605.593 9468.976
3252.492 3382.015 1466.789 4124.793 837.050 2589.625
4608.901 1041.662 750.489 9717.472 9794.178 6551.629
5775.553 1066.272 4609.241 1390.010 4584.920 6225.816
8467.743 9411.361 4340.317 3934.148 834.412 706.874
6255.356 3370.729 4760.352 9844.940 6324.627 1907.235
3889.334 9557.856 3886.574 9476.900 2315.101 9168.169
5132.720 8997.798 8903.103 5074.754 6709.449 9193.349
5193.956 2500.954 6292.432 6643.077 5207.224 4760.314
8236.715 7198.410 8778.849 6804.602 5018.770 8302.168
8304.511 7025.789 7465.717 955.307 6810.104 6459.777
7737.052 9960.758 4999.564 8569.444 1514.351 9536.829
8593.926 3358.769 7274.501 3444.756 9036.967 8118.537
7162.489 4551.974 3978.846 416.029 7917.800 641.254
6419.172 2345.629 7530.041 4007.962 550.773 9139.448
5967.027 7053.800 585.012 788.618 8817.566 6996.649
895.284 4449.586 2655.243 3665.928 3011.649 2847.053
6800.127 7579.156 9597.598 936.220 6555.137 7532.068
6752.752 9562.407 5850.514 1166.301 239.749 5682.779
3316.194 150.315 8627.070 3528.205 767.547 1507.979
7791.579 5825.057 5836.246 4276.643 1185.112 3650.487
8957.195 8889.681 6835.729 7253.777 6220.510 7138.918
1440.887 6920.313 130.941 62.058 4166.487 8578.598
1081.718 998.321 1733.391 6787.468 4697.043 5032.655
8328.067 8369.806 3476.541 7495.426 9118.088 5738.323
1967.509 8920.371 1933.585 5330.271 6193.276 9475.998
9144.255 7259.451 9946.440 2347.267 7622.395 2829.877
857.458 9046.474 2079.181 6043.824 2073.457 454.720
7813.661 2322.272 3552.250 9782.898 2340.864 1583.670
9247.235 7759.162 1985.614 2494.365 5228.704 3269.174
6922.536 1700.897 3661.764 8961.672 2967.416 9074.432
6474.436 4952.265 9118.068 3745.600 1490.240 7846.980
8375.894 5416.872 986.402 507.825 4531.163 3886.944
4578.495 6727.668 4125.406 3703.841 7423.997 1686.061
2638.032 2714.853 4508.516 2071.314 1580.998 8446.449
268.646 4895.209 294.119 4532.165 6645.077 6569.355
4813.698 7809.033 1217.029 2558.595 8481.862 8577.004
5814.356 4577.940 600.486 5258.495 5242.777 1304.788
2369.448 6726.559 9256.408 2950.872 2060.676 8019.306
898.977 6007.799 3444.697 3142.862 3825.639 142.071
8123.768 6427.827 7562.370 3614.405 8486.017 7439.650
8471.496 8265.685 9217.452 8738.451 443.606 5753.667
6508.484 3929.593 3856.130 4174.752 8090.858 2958.934
1508.211 4297.585 8427.532 2860.051 8376.359 7894.775
3795.218 7976.799 1165.875 9166.615 9181.265 3129.825
2427.198 6190.906 2916.962 4803.496 1798.691 5123.624
4369.863 9015.851 5400.614 9955.720 9577.474 934.948
1080.900 6196.721 3506.517 8468.869 4292.228 9903.163
5942.540 2433.600 9106.020 612.497 80.240 4459.107
2352.166 4694.870 5149.842 7588.472 5807.949 1832.216
8974.173 1282.984 2783.257 8590.184 9518.906 5335.235
3562.517 6153.463 1654.963 9087.050 2107.142 5230.931
7379.157 9638.920 931.020 9873.105 4189.437 1101.017
1108.611 436.834 3188.715 2266.159 8720.031 339.023
2687.923 3239.686 7704.956 2221.139 930.794 7061.060
1005.937 480.802 7848.559 2969.496 4082.089 9717.750
672.284 5544.827 1136.047 8725.359 4037.907 332.547
9311.364 6172.565 960.470 6120.270 9163.289 2288.895
3437.941 2074.558 7770.616 6705.500 8358.711 7423.065
2568.586 8351.581 446.030 8.464 6151.222 6306.587
48.405 9895.999 6756.845 8084.324 4484.474 8224.106
2808.372 5702.478 942.390 4811.782 6174.260 8589.665
1588.803 1595.020 7878.270 8410.251 5670.171 6324.654
6391.319 8156.595 5655.602 1695.101 2276.242 4239.992
8927.228 2257.804 8547.774 3411.452 9934.617 5083.644
9513.846 303.182 2561.161 4539.343 3919.618 1132.048
1232.180 428.567 1951.963 802.346 7759.043 2231.589
3155.412 9751.630 6994.763 8351.561 2088.583 4346.674
6994.795 8587.890 4082.193 9855.045 2296.666 9766.654
2158.150 7774.298 6025.088 1833.781 5100.040 2067.822
7985.330 1705.329 1486.257 43.683 7745.770 8640.546
7907.077 8902.104 7649.269 9136.366 6333.106 8232.484
2191.757 7124.443 6579.663 9973.468 3818.069 2213.551
4437.681 7861.855 6047.353 4972.196 6803.216 1143.466
3719.887 262.322 6832.555 8621.021 8635.856 5415.318
7924.118 2242.108 8266.162 3545.575 2103.726 1768.779
7645.340 3574.254 3373.770 7542.145 8922.178 6770.582
1293.831 8271.593 7639.821 4633.060 8448.055 1952.593
8834.572 2519.821 1862.698 636.655 1027.602 9453.340
7879.796 3593.452 6754.243 1326.069 2551.852 7626.785
3509.379 936.097 3057.430 4654.281 5977.117 9581.455
1831.271 3173.607 1009.925 3007.635 4305.700 2480.972
9981.493 5167.806 7246.305 9230.485 5274.034 9420.329
3326.224 7769.953 4337.889 4690.013 5702.181 148.734
3204.180 7682.710 4370.555 8097.581 3550.887 6458.094
2872.965 3915.621 435.562 3128.420 276.265 4852.674
4717.453 7271.342 780.854 2001.904 2164.791 1130.595
3828.631 3366.973 9764.320 7004.516 9802.450 4841.378
9185.512 17.174 1657.485 5206.565 2593.463 6679.819
5291.322 4451.480 6190.946 1599.140 7593.072 9229.708
9022.900 812.118 424.788 3870.560 6227.398 3576.431
1617.368 6348.079 8413.656 9828.948 2949.921 1250.142
1627.631 4668.337 6395.709 7451.270 938.105 6136.443
4349.561 8901.455 2897.295 4597.260 6656.401 2300.030
1830.117 1405.299 1272.868 4531.288 7276.553 4631.525
4080.330 698.412 2572.404 4444.900 3353.066 8030.021
5414.847 3101.618 2427.000 3230.572 1360.788 8316.204
7714.295 7030.020 450.964 5511.664 3183.594 3460.222
3804.300 6282.993 1834.486 4365.010 5117.451 873.885
6516.569 5032.957 8138.400 5838.714 8600.405 5514.734
7456.088 1928.857 7071.646 1533.891 7982.546 8691.175
3534.726 6040.797 7190.367 6975.348 7804.683 231.987
4497.497 3191.580 4728.016 7988.042 7592.261 9797.103
317.682 8694.749 2886.825 432.893 9480.187 8003.181
3833.238 9542.057 1006.325 4142.925 8520.477 2274.980
1283.220 7462.722 154.621 1177.971 596.797 6581.442
7690.748 3901.326 5765.153 2021.424 7187.381 4465.519
2056.123 4357.176 5748.668 4866.026 7163.458 4101.629
2190.881 5610.291 4311.694 2702.965 6363.948 9089.439
2996.273 1919.951 9288.033 2303.101 6546.835 1749.612
573.404 3965.797 6355.212 8280.246 1119.907 3208.181
9923.603 4613.401 2243.226 2553.113 262.352 269.627
3876.281 1105.006 442.587 3563.805 9835.112 9409.500
4128.582 3392.745 1743.379 4166.942 3851.222 3954.642
6285.634 2545.325 2648.066 1186.016 23.213 2642.309
5298.613 8895.014 6192.360 7074.489 2092.494 9634.232
4170.921 4287.707 2478.116 757.411 9116.771 9474.950
3820.304 1610.774 7335.056 2142.667 2097.956 6088.741
8836.018 2212.574 3103.272 8702.426 2788.185 9376.771
5243.469 8793.639 6920.168 6385.920 2396.278 9525.624
759.124 6762.906 2902.711 9409.934 634.517 3034.654
8414.309 1447.131 3222.406 8300.181 9012.818 9944.324
6075.908 5686.186 2290.200 70.530 6767.682 1506.821
989.594 7551.074 1297.997 4717.479 9189.046 809.506
671.907 8957.842 5407.847 9014.830 2272.444 6734.126
1596.583 4604.018 8325.353 3665.050 6259.161 7105.825
9504.985 1439.858 1881.528 1722.866 4616.470 6403.602
4945.468 551.709 236.975 8946.856 2941.781 6793.452
8684.001 8918.208 1939.327 8173.313 1748.030 3337.179
8938.033 5521.735 7006.554 2825.480 1172.165 2361.208
3257.040 1905.819 5374.470 7592.841 9414.971 4725.530
3816.108 5316.039 5414.709 9470.741 3390.071 1283.451
6805.905 8520.736 634.071 4897.991 1650.668 4092.134
6659.509 1226.718 5555.698 3580.039 5506.244 7826.591
2565.213 4305.197 6759.745 8065.700 5230.322 2870.780
6604.544 8822.662 9523.324 390.931 9310.273 238.678
4694.761 3476.255 2829.284 4524.350 6605.287 5901.636
6646.384 9000.974 3793.175 993.592 6542.048 7445.799
1543.654 261.059 9037.814 6937.542 7733.286 7415.700
2760.918 6343.786 3767.717 4880.952 2369.219 6615.621
8937.778 6932.663 5338.487 684.673 4850.155 4172.944
1398.707 135.504 701.778 8304.770 9033.103 3633.713
4826.124 2828.556 8718.208 212.765 3047.266 6097.717
7505.002 9308.558 1472.417 5191.833 7306.005 7688.961
7461.633 845.010 835.450 4979.806 4257.207 3211.183
2479.587 6088.317 8198.330 6976.614 1591.169 5065.053
5783.063 6885.347 3573.184 5099.498 2678.088 6072.720
6217.486 633.074 3226.980 8555.016 9828.825 9830.563
1308.600 7087.842 277.454 3293.314 8666.330 5214.409
8484.115 1032.030 2419.162 7291.042 1044.994 3299.292
8348.200 5757.015 7918.161 7632.082 2127.624 1732.100
2036.368 3632.030 5783.923 9918.624 4072.910 4671.886
9673.719 3581.823 9922.910 3720.377 7714.523 7773.492
3221.506 6395.713 2533.701 6161.736 6410.057 7651.861
6856.691 4414.105 2256.530 2381.443 8068.684 6020.863
9308.863 8519.659 469.333 6402.074 4293.033 4275.495
4947.727 6368.985 283.423 8488.390 1940.441 1696.460
6186.766 3193.335 6623.836 5669.723 8125.228 7166.030
6043.586 4804.747 1403.360 5336.729 3250.119 1244.404
445.302 2159.098 9381.991 3123.663 5547.323 2881.385
1297.551 9936.869 7839.694 2534.957 319.744 6724.394
5040.502 5731.109 2535.725 6830.965 9697.799 3703.663
6818.593 7741.542 3632.246 2216.242 5401.175 5415.202
5322.552 2162.355 4994.660 1386.805 2853.707 4155.131
7117.867 503.151 1884.313 5968.107 6826.533 5494.285
3228.092 8631.430 3920.040 3142.401 8780.501 5078.358
1969.766 677.650 9733.892 6115.340 6483.345 8738.999
4739.913 1941.142 9552.982 9801.604 1040.785 4265.164
4615.994 2419.939 124.851 1499.326 9266.915 3971.339
2339.401 1887.468 2060.937 8146.951 851.301 4956.400
9776.508 6637.829 3967.299 5499.060 7803.936 5578.925
5316.870 2890.997 8586.123 7076.977 3241.845 5312.094
2514.445 3708.608 9224.912 4952.507 242.733 9225.263
4507.954 3614.426 2706.024 4989.670 4330.951 277.672
6032.769 3648.624 3430.664 7958.239 4989.855 4224.830
3265.417 2136.643 2040.112 3178.730 3633.178 7702.296
5051.459 2542.635 3596.863 7930.805 8902.825 6204.401
2895.498 688.025 7359.092 8279.837 5110.956 3384.979
2217.544 183.049 3984.390 9785.889 2875.095 5997.492
1940.950 4470.804 2929.626 5389.042 6515.301 5239.966
5600.939 5756.929 7036.024 6432.500 1244.950 4272.122
6937.163 1462.605 359.623 5444.871 9833.533 102.117
9729.688 3667.229 7000.525 9242.873 2973.918 2912.338
4482.686 163.388 8195.907 6846.991 3120.400 6723.733
1750.846 1826.939 8095.638 5380.570 3217.218 7408.866
932.241 4658.082 7107.480 8268.409 1492.998 735.389
672.065 4311.449 1558.600 9923.347 5867.783 9928.896
2782.448 4167.035 8694.156 702.786 7261.512 409.544
6638.418 8280.618 9470.412 4384.182 549.163 1539.484
5117.531 4178.233 2626.980 834.254 9659.490 3865.010
7354.567 1716.634 7486.301 5778.850 4302.520 8746.812
9511.554 9374.563 6600.428 9176.779 9592.717 306.356
1691.517 3097.778 349.219 1785.912 6443.797 4401.686
3502.080 6879.934 9668.363 2568.652 1330.451 3042.476
7705.530 8186.268 359.583 6073.787 3216.238 693.062
1169.832 8887.655 2934.197 9597.065 2593.556 1847.857
7426.351 2095.517 8046.641 2818.066 193.953 6829.677
3530.027 8769.743 5397.932 27.833 9392.836 1688.011
8847.161 6234.997 6835.026 7160.050 873.130 2907.986
3928.733 3059.658 2516.504 4379.826 2292.092 1831.058
3354.334 4927.305 487.254 3532.393 8195.973 4091.191
8213.478 5538.543 7552.937 965.806 6369.621 78.100
2859.677 261.760 3937.769 6602.185 6633.746 7710.371
9088.145 4358.841 1128.081 3093.951 6568.580 3503.290
7782.774 1739.025 8449.228 4244.708 5371.029 2637.594
4284.646 2867.050 2701.621 1565.237 4525.154 1764.191
7471.220 1105.158 6150.334 301.317 6100.176 3853.264
6374.830 172.692 4677.849 5982.029 202.789 3451.841
1338.988 5659.125 7503.611 9793.956 6474.118 8782.407
7935.929 5012.700 4127.325 1824.797 5185.782 3425.468
8259.332 9491.760 7739.715 7095.387 7091.206 5310.924
4835.874 846.151 7572.330 9793.099 645.257 489.818
4329.934 7660.558 4126.484 9666.106 4375.718 7889.865
7127.742 8623.630 9862.329 9940.809 4004.492 5568.168
5076.077 5025.711 8962.145 9126.555 4928.603 7192.734
4017.407 3144.517 5477.908 7674.405 9837.633 5298.942
4395.830 5962.848 8087.622 3360.669 6938.262 824.726
8557.437 901.023 9992.624 4454.780 6109.085 8477.475
2229.462 462.762 610.744 2541.011 3162.421 5160.675
667.877 9127.194 7813.160 9432.982 8684.203 9332.143
5994.299 9248.270 2254.274 8980.038 486.079 2996.031
8971.576 3955.202 3399.318 9911.379 6687.911 3435.700
7398.476 7091.161 1397.534 659.429 9083.664 7410.232
8524.808 1708.906 5574.352 4884.159 2300.461 7140.506
4844.301 5205.828 3675.384 8798.952 4808.876 1194.489
1363.392 5491.954 3060.915 243.489 2533.952 5005.835
1783.166 1148.434 7473.872 5872.830 3259.710 5298.642
937.162 1238.842 7671.113 698.407 471.724 3340.319
7277.464 5537.248 6020.779 9379.235 466.481 3106.406
8924.840 7955.496 4350.975 1117.333 5769.025 1427.585
8818.595 6394.982 1260.935 2002.753 3489.959 1850.577
1402.128 3342.787 2258.245 7189.844 924.376 7087.511
7384.199 957.666 1860.784 6272.934 2197.650 7645.576
2851.670 6946.476 9957.904 2944.251 9562.069 1553.875
6766.416 9760.652 1105.552 5354.046 7857.330 2998.070
4237.564 8412.603 1684.450 5815.955 7739.950 715.659
2954.995 1948.621 6901.443 8013.683 530.825 1391.700
756.826 4014.267 1074.720 5590.334 6402.893 5343.927
9901.842 5091.023 3944.130 4387.062 3869.355 4922.186
9423.716 1827.486 2619.820 41.014 4336.393 7828.966
7064.788 5333.719 5015.784 3774.346 1816.045 8595.824
9110.931 6132.787 1848.105 6996.867 2669.166 1846.456
8507.948 5872.187 5324.985 4464.826 8361.887 9655.921
5421.954 6582.551 2092.689 8609.172 44.875 2739.320
7300.215 8558.092 2571.105 2147.171 7642.511 3788.264
828.741 9177.942 3959.266 7535.148 1315.958 1043.836
3020.549 4349.380 4689.309 2036.372 3346.426 3184.136
9453.913 7894.734 5216.882 4641.600 5275.835 6077.467
9647.939 4582.751 9758.461 7170.096 7727.382 1278.404
7969.192 7417.424 2800.201 9665.087 6628.962 2432.773
2392.156 183.135 6077.834 4085.899 8253.319 3503.754
6705.122 9219.767 6368.132 6774.211 2881.913 4026.417
3067.328 3542.168 4380.128 8063.231 8155.591 3993.557
19.908 7655.371 4925.607 8135.265 6721.205 4518.332
4105.824 7696.282 3262.798 6653.231 99.448 517.292
4935.021 6388.139 1693.366 6525.613 7600.454 4265.258
8965.972 7375.468 7593.502 6167.924 7780.165 1458.547
3688.294 9137.058 1904.944 5587.850 3052.071 5085.593
5817.618 337.610 6421.132 7403.138 755.943 5179.316
3958.246 398.376 4231.528 3025.614 6804.894 7004.276
8103.276 1512.129 2847.786 2441.233 5172.155 4605.221
7214.338 9792.388 1549.778 8921.486 3380.978 9720.839
8572.380 635.603 9302.976 1929.485 8109.746 7927.704
907.082 7319.774 442.111 1398.539 7857.563 6159.540
3240.739 8473.460 3669.632 9206.808 2079.622 4948.521
6944.130 2530.462 8190.177 99.839 595.456 6180.009
4554.610 8141.010 2459.786 959.175 3185.178 5359.329
5098.916 5809.813 6694.179 6414.474 1349.270 1589.836
8844.681 6586.868 6149.017 30.762 6549.425 7082.350
7388.351 3210.828 316.255 2308.151 1452.040 980.047
1315.786 799.831 2784.390 2266.602 3161.472 3598.238
8465.745 2826.574 1099.972 6827.242 1653.087 5334.330
8274.369 4591.096 4176.258 9638.529 1036.990 2371.077
539.798 5974.029 3337.813 8950.382 5599.701 5944.092
4369.147 5901.572 5984.998 7940.625 7944.418 735.364
2893.942 9289.282 7148.052 8731.217 1934.625 3232.893
2231.353 1668.836 8770.937 6057.068 477.058 7259.802
3468.824 4633.826 2267.719 9970.724 3728.424 8393.567
8549.557 1385.889 2563.163 5081.179 9448.516 7869.516
7492.459 5732.997 3218.981 6648.612 2160.795 3686.951
2267.513 3027.019 3960.180 6683.452 9174.802 7890.423
1983.414 365.738 5278.449 2687.590 373.548 4974.679
8704.227 2884.891 5426.527 1157.341 2531.025 3234.319
2331.721 764.647 9237.539 8642.197 2706.227 4420.854
3422.927 4893.358 7500.020 7684.806 8461.225 7231.687
9292.575 2385.986 7760.727 9092.246 1725.893 9583.597
6494.619 2897.629 9188.290 4351.282 7599.651 4397.113
607.339 804.920 633.962 6610.295 7587.045 8929.809
2260.138 388.781 1779.408 3363.616 6249.755 3895.182
9199.887 3863.606 4316.680 4097.027 4076.210 9096.789
3240.220 2495.692 5237.628 620.145 3265.847 5373.053
2571.310 1398.466 970.596 5015.780 9288.339 3658.613
388.026 4868.928 6696.509 7009.268 4359.836 1065.051
2969.509 4039.267 7532.779 7250.494 2662.002 9395.172
493.651 2665.163 3004.471 8844.522 5998.855 670.602
1416.814 8537.186 7931.704 2352.656 1454.977 2157.768
5023.363 3636.454 7970.329 2855.536 8339.137 9759.049
8581.270 8910.439 1477.504 1891.988 6512.897 3264.610
7135.124 7960.346 1860.010 1785.750 5643.379 8576.572
7163.322 3202.633 9859.147 6048.337 8247.577 3701.824
5823.609 8627.648 5857.383 8502.755 238.768 299.426
9001.289 7078.589 3677.536 6671.536 1905.493 1159.883
7174.397 8558.402 3796.204 7830.039 8597.396 8422.104
966.444 8378.062 1684.081 7171.603 1211.975 9714.394
662.463 4905.926 2468.511 9673.038 5073.511 7304.081
9398.692 7965.459 2861.495 5513.071 5906.593 6164.775
207.018 6167.189 2223.745 1514.926 3626.567 4984.408
5365.321 7186.986 4651.835 487.952 1732.501 7000.304
4123.749 948.237 5076.378 8343.412 664.021 7162.359
4648.387 2080.580 6098.521 215.462 1371.921 9844.512
6711.879 2870.454 1675.770 5189.990 4738.532 8519.189
778.795 1876.331 3974.934 482.761 682.895 6510.833
5633.974 6864.359 9396.358 7397.392 5392.225 2216.522
1342.809 1391.818 4023.230 3338.334 59.995 9413.123
438.371 3670.563 6339.731 8706.497 4023.192 5524.543
9766.184 1033.317 5822.562 9108.420 8271.261 3959.687
6681.804 5007.189 2202.950 9469.596 8478.022 2138.654
8726.595 1399.360 3830.219 4838.657 2442.920 6707.799
9947.285 615.203 5785.591 6180.512 7199.702 9696.037
4647.406 1787.456 2746.573 2842.839 8781.029 3591.910
1335.840 1550.948 2338.592 149.164 6121.811 45.785
6518.991 2744.723 1847.425 1096.406 1839.735 7491.546
558.421 5098.621 5520.785 1218.566 8020.636 2259.357
3258.665 6145.585 3479.158 805.390 4134.337 8572.995
1448.551 3005.690 7167.382 8827.222 7682.010 154.462
484.016 3045.987 7056.731 6397.313 808.348 1509.545
5484.075 2420.989 5071.950 8622.422 8053.368 4283.628
6339.108 4284.187 7152.441 8497.042 528.397 9836.284
8192.629 9733.786 5653.343 5615.442 9013.023 8850.005
3380.831 3491.755 8622.116 3248.973 2833.532 1604.402
7239.742 129.283 9151.584 798.149 5692.875 6863.408
9713.783 6402.608 122.444 1073.266 3282.637 3937.078
4814.178 6670.682 2671.422 1756.038 8504.327 2618.455
3306.618 3170.709 5750.244 8371.096 5927.282 6574.815
9664.629 2085.013 4674.417 9462.952 2939.586 2113.714
2878.588 3076.250 9474.942 3104.310 6222.327 1449.289
6103.907 6953.073 9538.244 5865.592 1385.925 3438.873
8635.665 1342.406 3289.477 3289.144 6676.905 1853.898
3656.881 8376.530 2841.904 2062.560 2223.778 1133.486
6519.775 7957.246 4139.932 9897.935 8436.195 4371.044
5974.573 8916.300 4792.202 4329.626 8504.679 2461.350
1005.245 8006.325 8921.800 5964.976 799.518 9073.170
5407.359 4366.671 6178.088 1036.061 1510.039 8537.101
8996.200 7619.503 5436.535 3067.719 7148.265 3665.719
7755.165 5859.478 1365.910 8171.749 4825.895 7664.718
5829.548 7686.156 1866.436 7821.940 5315.791 3788.014
5178.024 9161.840 5088.254 7844.779 9994.328 7967.777
1160.900 777.381 7250.872 7349.644 1344.185 1364.800
3313.095 5137.842 1729.001 8565.820 9982.940 9093.670
7419.575 2609.977 5237.167 8889.384 7502.957 6721.040
754.882 3720.825 6173.464 338.622 538.323 5001.485
6393.286 5675.123 7932.745 8041.568 9192.491 9178.744
3682.673 1078.893 9218.826 5536.750 9433.415 4462.242
8410.632 7042.575 7305.416 6088.058 9553.672 3912.151
1278.745 1611.004 9128.703 3719.387 9822.148 8731.013
9529.737 2475.064 4816.844 982.186 7676.039 1741.894
8154.256 7540.345 5600.305 2196.479 1610.305 1305.078
9990.582 4916.357 3064.233 3576.434 5968.604 3927.860
780.851 7666.209 2135.620 9447.831 4793.463 9986.896
6123.234 8798.990 6151.632 8239.874 612.438 8084.425
6837.686 1542.281 3431.945 6475.243 2573.476 6067.173
2716.056 8969.475 6766.811 335.169 4097.692 1032.155
1129.142 169.634 8827.469 9599.313 2605.587 3115.853
5426.623 411.517 2107.295 4583.151 5222.505 131.914
2667.328 794.226 2461.650 413.850 7212.422 285.929
3903.827 3091.823 5431.040 2604.502 2417.425 6012.387
1495.062 1486.462 4851.259 1974.542 2001.328 757.711
758.549 2123.688 6668.623 7628.298 5908.837 1420.478
2385.196 3204.190 5363.966 2937.897 6883.100 177.740
2360.880 9681.955 6305.993 4002.275 5480.413 9332.499
302.455 4929.634 8000.630 6650.583 2428.783 9239.620
8848.880 5887.868 6878.632 8924.476 5888.035 7177.434
8388.780 2490.397 7863.597 3575.492 6042.524 198.529
8168.330 5753.683 6828.864 9035.981 4835.369 6149.478
7992.564 8277.006 2118.386 9543.229 3660.588 5063.264
5474.018 8732.611 1190.294 2382.263 3883.200 340.464
3095.982 5947.470 8083.643 4425.185 5690.766 893.454
9342.089 7807.559 369.544 3007.645 8853.919 3257.213
1964.372 7444.114 5783.174 2399.283 3831.752 2872.032
1503.440 1401.192 3264.151 6540.717 1719.472 4591.801
8557.258 5791.878 5916.764 8863.565 350.940 3936.957
4995.905 2089.177 5629.925 6148.659 6921.327 8313.810
3454.643 4303.473 2563.155 8528.387 5017.051 1905.979
715.794 686.096 5937.840 6135.767 7333.223 3358.923
1698.896 1472.901 5143.962 6063.475 5579.704 7775.787
4017.360 3166.966 477.562 8136.367 9772.935 2702.141
1728.094 267.476 8911.212 3843.131 8411.496 2451.922
247.476 7914.322 95.399 1010.127 1108.110 7022.521
2595.207 8703.405 1353.632 3651.650 286.982 8927.372
1366.417 6937.634 4092.418 500.785 2524.639 5457.915
1544.524 2585.144 3080.714 3452.410 6965.086 6639.544
6211.121 3960.852 8199.958 707.746 2083.359 3677.459
7986.542 8115.814 4182.566 6108.448 9397.207 2589.396
6918.754 592.261 9574.885 2350.537 7037.746 3222.558
3159.331 4329.587 1972.068 6152.421 8418.699 6026.273
2484.822 4841.436 2109.081 6910.207 151.286 4797.383
8639.672 241.036 4017.589 2760.441 1554.801 5601.668
2952.780 3640.975 4789.861 2339.417 2400.881 1343.976
778.504 8728.633 6983.954 7454.298 2368.400 5118.875
8484.132 2020.599 8863.618 3823.513 6003.409 2493.742
