5 4
20 10 5 8 6
1 2
2 3
3 1
4 5
7 4
8 10 9 15 6 3 7
1 7
2 3
3 4
5 6
10 7
1 9 1 9 1 1 4 5 1 4
1 2
2 3
2 3
3 4
5 6
6 8
7 9
4 4
20 17 10 1
1 2
1 2
3 3
3 4
23 20
683654281944 786549938314 108776810532
691131809160 942432243130 63770179509
238399760640 777689878960 646058383313
576573571139 18835030915 479397445387
877859338277 965037937502 199599909896
785875134824 682649947008 167867064215
956377730283 681772713017 633843536114
123843426658 384215401230
4 10
17 19
9 19
20 9
12 19
10 18
13 21
23 19
7 21
11 15
16 19
15 8
8 2
19 10
22 21
14 23
3 19
1 12
6 9
2 10