encode
100 99
49 74
50 84
78 91
12 14
9 62
54 77
47 88
29 55
52 53
3 53
53 63
33 95
9 57
44 48
3 13
3 73
1 49
62 63
48 53
55 94
50 60
89 95
57 64
75 96
7 48
41 99
44 79
21 94
13 50
42 82
1 16
22 88
19 34
63 87
1 36
14 58
18 56
33 82
12 37
55 84
87 96
12 55
4 76
64 68
38 52
40 50
38 59
47 75
17 32
18 83
20 63
76 92
54 71
34 59
16 89
39 94
2 98
11 85
24 60
28 76
46 70
19 23
41 46
36 40
68 93
15 37
2 68
82 90
4 26
45 90
28 59
43 94
10 44
16 54
65 97
41 51
10 27
96 97
10 86
52 91
5 44
18 28
32 99
67 84
67 100
46 80
55 72
18 80
69 71
6 43
25 71
30 96
8 57
11 88
80 81
19 61
30 35
8 31
42 66
35
