8 12 6 8 4
2 2
6 2
10 2
2 6
6 6
10 6
8 12 5 8.5 4.5
2.5 2.5
6.5 2.5
10.5 2.5
2.5 6.5
6.5 6.5
8 12 0 5 5
24 26 23 20.0 14.0
23.0 15.0
21.0 18.0
15.0 7.0
17.0 11.0
13.0 23.0
12.0 21.0
15.0 3.0
16.0 14.0
10.0 9.0
18.0 9.0
7.0 19.0
18.0 16.0
0.0 7.0
22.0 22.0
13.0 3.0
21.0 5.0
9.0 4.0
10.0 7.0
12.0 17.0
2.0 21.0
11.0 5.0
19.0 23.0
24.0 15.0
14306 14308 34 9932.0 1123.0
5661.0 1630.0
5349.0 2678.0
5747.0 869.0
6750.0 14235.0
10961.0 3284.0
6399.0 11685.0
12649.0 8082.0
6199.0 6166.0
3508.0 11607.0
8229.0 3768.0
2190.0 3834.0
3997.0 4528.0
7995.0 844.0
7168.0 10980.0
13462.0 11047.0
4341.0 11904.0
8087.0 9276.0
11528.0 13893.0
4855.0 10499.0
13221.0 659.0
8277.0 4337.0
1987.0 939.0
8551.0 6075.0
12672.0 13106.0
3804.0 2208.0
13166.0 10887.0
2517.0 3616.0
11161.0 10639.0
12268.0 694.0
2314.0 4316.0
1594.0 3795.0
1627.0 6630.0
762.0 2174.0
4195.0 12895.0
28588 28590 45 6752.0 21780.0
16376.0 1208.0
9990.0 26258.0
4324.0 5026.0
14382.0 14720.0
9708.0 13935.0
2084.0 21588.0
3224.0 20410.0
19318.0 19778.0
3164.0 21144.0
21146.0 22293.0
5426.0 27961.0
25758.0 10923.0
21653.0 4584.0
2591.0 12180.0
9355.0 25820.0
13682.0 18026.0
3105.0 11640.0
9349.0 14958.0
15553.0 15154.0
16457.0 14473.0
14120.0 16769.0
10888.0 8667.0
12022.0 690.0
11884.0 11246.0
3097.0 7283.0
17515.0 23015.0
25785.0 27283.0
17758.0 9592.0
19236.0 13559.0
14298.0 8058.0
18950.0 21346.0
1610.0 3047.0
1315.0 11999.0
1623.0 1841.0
5895.0 797.0
20583.0 2779.0
25101.0 26134.0
7571.0 16959.0
12881.0 19165.0
21653.0 20063.0
18332.0 25198.0
7029.0 17430.0
20796.0 4640.0
22671.0 475.0
12121.0 10617.0
42870 42872 56 10508.0 19504.0
9775.0 13009.0
12239.0 8304.0
39229.0 11024.0
29576.0 11239.0
21545.0 32771.0
29703.0 27525.0
17110.0 34211.0
5574.0 40970.0
1377.0 33458.0
28706.0 8322.0
24047.0 8436.0
38889.0 10253.0
36795.0 2290.0
30242.0 15997.0
32055.0 36907.0
15811.0 26011.0
35125.0 19985.0
32568.0 14484.0
35204.0 40664.0
8113.0 12880.0
12636.0 9080.0
33900.0 3465.0
7813.0 20344.0
19749.0 41816.0
16207.0 10500.0
37539.0 10707.0
32475.0 35962.0
2759.0 17385.0
36224.0 17506.0
20530.0 38131.0
10572.0 7149.0
42419.0 24586.0
22246.0 13814.0
10973.0 453.0
31903.0 31082.0
7516.0 36106.0
40287.0 2006.0
33440.0 30883.0
8362.0 2565.0
4379.0 7846.0
18286.0 8853.0
16993.0 386.0
42142.0 30561.0
17495.0 26442.0
20022.0 22229.0
28890.0 39861.0
19655.0 35713.0
12393.0 41821.0
31096.0 8996.0
31305.0 38628.0
35755.0 3926.0
19382.0 26936.0
32849.0 10378.0
25951.0 2883.0
14240.0 10723.0
24523.0 40687.0
57152 57154 67 41269.0 34461.0
24567.0 11582.0
2145.0 39731.0
20944.0 43938.0
3752.0 5046.0
9386.0 32174.0
6432.0 48739.0
44173.0 15124.0
55757.0 28527.0
15085.0 44396.0
38232.0 42912.0
5299.0 11.0
55774.0 45641.0
49705.0 34202.0
21182.0 44342.0
42095.0 9260.0
5763.0 42383.0
8390.0 21218.0
21102.0 38612.0
10264.0 7353.0
21246.0 2107.0
46918.0 5826.0
32324.0 55081.0
1617.0 56992.0
41266.0 43063.0
1816.0 35900.0
13105.0 2305.0
25526.0 10287.0
30247.0 45229.0
39497.0 3921.0
29651.0 36308.0
6605.0 48597.0
33873.0 36996.0
45646.0 26182.0
40180.0 9301.0
47999.0 34936.0
54107.0 46566.0
27831.0 56753.0
50519.0 81.0
7101.0 32290.0
22234.0 51483.0
53140.0 18387.0
50354.0 25750.0
34472.0 18856.0
7421.0 34115.0
40549.0 14037.0
45469.0 40899.0
39599.0 42071.0
38494.0 54588.0
32853.0 17092.0
47666.0 15044.0
38821.0 19367.0
27588.0 51343.0
45756.0 52202.0
30257.0 51432.0
31171.0 31937.0
36571.0 6073.0
2602.0 9662.0
50523.0 9810.0
5397.0 43916.0
2266.0 31116.0
54236.0 39753.0
50319.0 1215.0
21062.0 31111.0
20322.0 37981.0
52769.0 20783.0
34963.0 25804.0
23468.0 43183.0
71434 71436 78 53805.0 13495.0
45023.0 3953.0
62313.0 23368.0
69039.0 56592.0
67826.0 44969.0
33488.0 70053.0
39438.0 13193.0
44175.0 36402.0
17736.0 44779.0
19498.0 4197.0
18638.0 11068.0
39961.0 37013.0
70573.0 40823.0
13242.0 15353.0
395.0 55749.0
2596.0 55568.0
43940.0 56646.0
51171.0 47938.0
41545.0 33459.0
52419.0 26900.0
9099.0 47868.0
23896.0 55160.0
34534.0 52327.0
62380.0 6668.0
16421.0 56920.0
7210.0 38291.0
47333.0 64794.0
68245.0 33482.0
2679.0 36995.0
23601.0 12361.0
45629.0 46046.0
14974.0 23558.0
57803.0 62503.0
66234.0 42525.0
29032.0 55290.0
59909.0 5394.0
30125.0 29481.0
40579.0 45141.0
31404.0 4706.0
45827.0 30824.0
55708.0 49113.0
51000.0 45490.0
4961.0 22800.0
70765.0 62260.0
31610.0 68625.0
2013.0 18738.0
15957.0 65490.0
30475.0 1548.0
4839.0 62505.0
51012.0 20247.0
30893.0 15388.0
32063.0 68758.0
55017.0 37298.0
22388.0 66876.0
70756.0 70736.0
69274.0 43477.0
18569.0 21174.0
49840.0 18498.0
47444.0 33839.0
66308.0 6905.0
64897.0 20962.0
55359.0 58885.0
67524.0 32536.0
71241.0 15054.0
710.0 5604.0
41535.0 42845.0
42049.0 29022.0
69064.0 22533.0
25052.0 26856.0
6029.0 61833.0
68930.0 45286.0
11532.0 1601.0
70095.0 40956.0
39152.0 31998.0
53382.0 55306.0
34440.0 69304.0
14623.0 55990.0
66344.0 42346.0
31662.0 53612.0
85716 85718 89 59514.0 31832.0
32062.0 34867.0
40056.0 45371.0
19009.0 50498.0
2868.0 50265.0
43702.0 66598.0
47200.0 65626.0
30165.0 11408.0
74675.0 48043.0
81707.0 38346.0
68573.0 58652.0
17865.0 12083.0
66026.0 82267.0
48209.0 55861.0
27420.0 68325.0
78951.0 48221.0
25291.0 85618.0
10449.0 35003.0
14779.0 25338.0
59184.0 70337.0
63586.0 4071.0
36452.0 54001.0
40333.0 23840.0
5752.0 18636.0
67066.0 20735.0
43424.0 47132.0
51101.0 43020.0
13595.0 22465.0
21206.0 23626.0
62643.0 21081.0
7424.0 58569.0
61933.0 56639.0
55459.0 65625.0
4429.0 68616.0
35079.0 20491.0
75871.0 14797.0
78361.0 31671.0
63132.0 35687.0
67914.0 54537.0
51300.0 52943.0
37541.0 45341.0
46854.0 49455.0
5802.0 35560.0
39511.0 50547.0
34247.0 54536.0
84861.0 81545.0
2635.0 38004.0
71102.0 75697.0
56207.0 24221.0
58338.0 1757.0
68700.0 76832.0
59471.0 44270.0
39848.0 41464.0
22942.0 57259.0
3001.0 17048.0
51088.0 39928.0
74741.0 61527.0
65988.0 44818.0
15012.0 39726.0
70074.0 58338.0
46162.0 25262.0
25001.0 32844.0
71496.0 9794.0
67242.0 48173.0
43668.0 45502.0
15122.0 42186.0
1432.0 12583.0
67947.0 60426.0
37603.0 18619.0
23704.0 7547.0
58497.0 46817.0
21967.0 33673.0
30546.0 45658.0
58904.0 9301.0
16480.0 60095.0
13573.0 41458.0
39734.0 60712.0
20321.0 68090.0
3624.0 54345.0
63596.0 59273.0
72394.0 1380.0
50354.0 32863.0
72863.0 22111.0
34187.0 66508.0
3952.0 40958.0
30585.0 83319.0
46800.0 80263.0
23712.0 2858.0
50813.0 13215.0
58095.0 1974.0
0 0 0 0 0
