6
4 4
1 3 1
2 4 1
1 2 1
3 4 1
6 9
1 2 1
1 3 7
2 3 1
2 4 3
2 5 2
3 5 4
4 5 1
4 6 6
5 6 2
25 40
1 6 1
6 11 2
11 16 1
16 21 2
2 7 1
7 12 2
12 17 1
17 22 2
3 8 2
8 13 2
13 18 2
18 23 2
4 9 1
9 14 2
14 19 2
19 24 1
5 10 2
10 15 2
15 20 1
20 25 1
1 2 2
2 3 2
3 4 1
4 5 1
6 7 1
7 8 1
8 9 1
9 10 1
11 12 2
12 13 2
13 14 1
14 15 1
16 17 1
17 18 1
18 19 2
19 20 1
21 22 2
22 23 2
23 24 1
24 25 1
100 180
1 11 3
11 21 2
21 31 3
31 41 8
41 51 5
51 61 7
61 71 9
71 81 10
81 91 4
2 12 6
12 22 6
22 32 6
32 42 8
42 52 5
52 62 7
62 72 5
72 82 4
82 92 4
3 13 9
13 23 4
23 33 7
33 43 1
43 53 2
53 63 1
63 73 3
73 83 8
83 93 5
4 14 1
14 24 8
24 34 6
34 44 4
44 54 7
54 64 4
64 74 4
74 84 10
84 94 4
5 15 5
15 25 5
25 35 2
35 45 8
45 55 6
55 65 10
65 75 6
75 85 1
85 95 1
6 16 3
16 26 3
26 36 8
36 46 10
46 56 4
56 66 9
66 76 2
76 86 9
86 96 6
7 17 3
17 27 1
27 37 8
37 47 7
47 57 5
57 67 5
67 77 8
77 87 2
87 97 5
8 18 1
18 28 4
28 38 5
38 48 3
48 58 5
58 68 8
68 78 6
78 88 8
88 98 9
9 19 7
19 29 5
29 39 10
39 49 1
49 59 5
59 69 9
69 79 10
79 89 7
89 99 1
10 20 8
20 30 5
30 40 3
40 50 1
50 60 2
60 70 6
70 80 2
80 90 4
90 100 5
1 2 4
2 3 7
3 4 6
4 5 4
5 6 5
6 7 3
7 8 1
8 9 6
9 10 9
11 12 6
12 13 6
13 14 8
14 15 9
15 16 2
16 17 3
17 18 10
18 19 3
19 20 4
21 22 8
22 23 3
23 24 10
24 25 8
25 26 9
26 27 3
27 28 3
28 29 7
29 30 6
31 32 4
32 33 10
33 34 7
34 35 3
35 36 9
36 37 4
37 38 4
38 39 8
39 40 8
41 42 1
42 43 8
43 44 1
44 45 7
45 46 8
46 47 4
47 48 7
48 49 4
49 50 3
51 52 10
52 53 10
53 54 8
54 55 7
55 56 10
56 57 6
57 58 4
58 59 7
59 60 10
61 62 7
62 63 8
63 64 5
64 65 6
65 66 7
66 67 3
67 68 10
68 69 5
69 70 9
71 72 8
72 73 10
73 74 1
74 75 3
75 76 5
76 77 3
77 78 3
78 79 5
79 80 6
81 82 9
82 83 4
83 84 8
84 85 1
85 86 9
86 87 5
87 88 6
88 89 3
89 90 6
91 92 7
92 93 5
93 94 4
94 95 3
95 96 2
96 97 5
97 98 5
98 99 9
99 100 10
625 1200
1 26 1
26 51 1
51 76 2
76 101 1
101 126 1
126 151 2
151 176 2
176 201 2
201 226 1
226 251 1
251 276 1
276 301 2
301 326 1
326 351 2
351 376 2
376 401 1
401 426 2
426 451 2
451 476 2
476 501 2
501 526 1
526 551 2
551 576 2
576 601 2
2 27 1
27 52 2
52 77 2
77 102 1
102 127 2
127 152 2
152 177 2
177 202 1
202 227 2
227 252 2
252 277 1
277 302 2
302 327 2
327 352 2
352 377 2
377 402 1
402 427 2
427 452 2
452 477 2
477 502 1
502 527 2
527 552 1
552 577 2
577 602 1
3 28 1
28 53 1
53 78 2
78 103 1
103 128 2
128 153 1
153 178 1
178 203 1
203 228 1
228 253 2
253 278 2
278 303 2
303 328 2
328 353 1
353 378 1
378 403 2
403 428 2
428 453 2
453 478 1
478 503 1
503 528 2
528 553 2
553 578 1
578 603 2
4 29 1
29 54 1
54 79 1
79 104 1
104 129 1
129 154 2
154 179 2
179 204 1
204 229 2
229 254 2
254 279 2
279 304 1
304 329 2
329 354 2
354 379 1
379 404 2
404 429 1
429 454 1
454 479 2
479 504 2
504 529 1
529 554 1
554 579 2
579 604 2
5 30 1
30 55 1
55 80 2
80 105 1
105 130 1
130 155 1
155 180 1
180 205 1
205 230 2
230 255 2
255 280 2
280 305 1
305 330 2
330 355 1
355 380 1
380 405 2
405 430 1
430 455 1
455 480 1
480 505 2
505 530 2
530 555 2
555 580 1
580 605 2
6 31 2
31 56 2
56 81 2
81 106 2
106 131 1
131 156 2
156 181 1
181 206 2
206 231 2
231 256 1
256 281 1
281 306 1
306 331 1
331 356 1
356 381 2
381 406 1
406 431 2
431 456 1
456 481 1
481 506 1
506 531 1
531 556 1
556 581 2
581 606 1
7 32 1
32 57 2
57 82 1
82 107 2
107 132 1
132 157 2
157 182 1
182 207 1
207 232 1
232 257 2
257 282 2
282 307 1
307 332 1
332 357 1
357 382 1
382 407 2
407 432 2
432 457 2
457 482 1
482 507 1
507 532 2
532 557 2
557 582 1
582 607 2
8 33 1
33 58 2
58 83 2
83 108 1
108 133 2
133 158 2
158 183 2
183 208 2
208 233 2
233 258 1
258 283 2
283 308 1
308 333 2
333 358 1
358 383 2
383 408 2
408 433 1
433 458 1
458 483 1
483 508 1
508 533 1
533 558 2
558 583 2
583 608 1
9 34 2
34 59 1
59 84 1
84 109 1
109 134 2
134 159 1
159 184 2
184 209 1
209 234 1
234 259 1
259 284 2
284 309 1
309 334 1
334 359 2
359 384 1
384 409 2
409 434 1
434 459 2
459 484 1
484 509 1
509 534 2
534 559 1
559 584 2
584 609 2
10 35 2
35 60 2
60 85 1
85 110 2
110 135 1
135 160 1
160 185 1
185 210 2
210 235 1
235 260 2
260 285 2
285 310 1
310 335 2
335 360 1
360 385 1
385 410 1
410 435 2
435 460 1
460 485 1
485 510 2
510 535 1
535 560 1
560 585 2
585 610 1
11 36 1
36 61 2
61 86 1
86 111 1
111 136 1
136 161 2
161 186 1
186 211 2
211 236 2
236 261 2
261 286 2
286 311 2
311 336 2
336 361 2
361 386 2
386 411 2
411 436 2
436 461 1
461 486 1
486 511 1
511 536 2
536 561 2
561 586 1
586 611 2
12 37 1
37 62 2
62 87 1
87 112 2
112 137 2
137 162 2
162 187 2
187 212 2
212 237 1
237 262 1
262 287 1
287 312 2
312 337 1
337 362 2
362 387 1
387 412 1
412 437 1
437 462 2
462 487 1
487 512 1
512 537 1
537 562 1
562 587 2
587 612 2
13 38 1
38 63 1
63 88 1
88 113 2
113 138 2
138 163 1
163 188 2
188 213 2
213 238 2
238 263 2
263 288 1
288 313 1
313 338 1
338 363 1
363 388 2
388 413 2
413 438 2
438 463 2
463 488 1
488 513 2
513 538 1
538 563 1
563 588 1
588 613 1
14 39 2
39 64 1
64 89 1
89 114 2
114 139 2
139 164 1
164 189 1
189 214 1
214 239 2
239 264 2
264 289 2
289 314 2
314 339 1
339 364 2
364 389 2
389 414 1
414 439 2
439 464 2
464 489 2
489 514 2
514 539 1
539 564 2
564 589 1
589 614 2
15 40 2
40 65 2
65 90 1
90 115 1
115 140 1
140 165 2
165 190 1
190 215 2
215 240 2
240 265 1
265 290 1
290 315 2
315 340 1
340 365 2
365 390 2
390 415 1
415 440 2
440 465 1
465 490 2
490 515 1
515 540 1
540 565 2
565 590 2
590 615 2
16 41 2
41 66 2
66 91 1
91 116 2
116 141 1
141 166 1
166 191 2
191 216 1
216 241 1
241 266 2
266 291 1
291 316 2
316 341 2
341 366 1
366 391 1
391 416 2
416 441 2
441 466 2
466 491 2
491 516 2
516 541 2
541 566 2
566 591 1
591 616 1
17 42 2
42 67 1
67 92 2
92 117 1
117 142 2
142 167 1
167 192 2
192 217 1
217 242 1
242 267 1
267 292 1
292 317 1
317 342 1
342 367 2
367 392 2
392 417 1
417 442 2
442 467 1
467 492 1
492 517 1
517 542 2
542 567 2
567 592 1
592 617 2
18 43 2
43 68 2
68 93 2
93 118 2
118 143 1
143 168 1
168 193 2
193 218 2
218 243 1
243 268 1
268 293 1
293 318 1
318 343 2
343 368 2
368 393 2
393 418 1
418 443 2
443 468 1
468 493 2
493 518 2
518 543 1
543 568 1
568 593 1
593 618 2
19 44 1
44 69 2
69 94 1
94 119 2
119 144 2
144 169 1
169 194 1
194 219 2
219 244 2
244 269 2
269 294 1
294 319 1
319 344 1
344 369 1
369 394 2
394 419 1
419 444 2
444 469 1
469 494 1
494 519 1
519 544 1
544 569 2
569 594 1
594 619 1
20 45 1
45 70 2
70 95 2
95 120 2
120 145 1
145 170 2
170 195 1
195 220 1
220 245 1
245 270 1
270 295 1
295 320 1
320 345 2
345 370 1
370 395 2
395 420 1
420 445 1
445 470 2
470 495 1
495 520 1
520 545 2
545 570 2
570 595 2
595 620 2
21 46 2
46 71 1
71 96 2
96 121 2
121 146 1
146 171 1
171 196 2
196 221 1
221 246 2
246 271 2
271 296 2
296 321 1
321 346 1
346 371 2
371 396 2
396 421 1
421 446 2
446 471 2
471 496 2
496 521 1
521 546 2
546 571 1
571 596 1
596 621 1
22 47 1
47 72 1
72 97 1
97 122 2
122 147 2
147 172 1
172 197 1
197 222 2
222 247 1
247 272 1
272 297 1
297 322 2
322 347 1
347 372 1
372 397 1
397 422 1
422 447 1
447 472 2
472 497 1
497 522 2
522 547 1
547 572 1
572 597 1
597 622 1
23 48 1
48 73 2
73 98 2
98 123 2
123 148 1
148 173 1
173 198 1
198 223 2
223 248 2
248 273 2
273 298 2
298 323 1
323 348 2
348 373 2
373 398 2
398 423 1
423 448 2
448 473 2
473 498 2
498 523 1
523 548 2
548 573 2
573 598 1
598 623 2
24 49 2
49 74 2
74 99 2
99 124 2
124 149 2
149 174 1
174 199 2
199 224 1
224 249 1
249 274 2
274 299 1
299 324 2
324 349 2
349 374 1
374 399 1
399 424 2
424 449 1
449 474 1
474 499 2
499 524 1
524 549 2
549 574 2
574 599 1
599 624 2
25 50 1
50 75 2
75 100 1
100 125 1
125 150 1
150 175 1
175 200 1
200 225 1
225 250 1
250 275 2
275 300 2
300 325 2
325 350 1
350 375 1
375 400 2
400 425 1
425 450 2
450 475 1
475 500 1
500 525 1
525 550 1
550 575 2
575 600 2
600 625 2
1 2 1
2 3 2
3 4 2
4 5 1
5 6 2
6 7 1
7 8 1
8 9 2
9 10 1
10 11 1
11 12 1
12 13 2
13 14 2
14 15 2
15 16 2
16 17 1
17 18 2
18 19 2
19 20 1
20 21 2
21 22 1
22 23 1
23 24 2
24 25 2
26 27 2
27 28 2
28 29 2
29 30 2
30 31 1
31 32 1
32 33 2
33 34 2
34 35 1
35 36 2
36 37 2
37 38 2
38 39 1
39 40 1
40 41 1
41 42 1
42 43 2
43 44 2
44 45 1
45 46 2
46 47 2
47 48 2
48 49 1
49 50 1
51 52 1
52 53 2
53 54 2
54 55 1
55 56 1
56 57 2
57 58 1
58 59 1
59 60 1
60 61 2
61 62 2
62 63 2
63 64 2
64 65 2
65 66 2
66 67 2
67 68 2
68 69 1
69 70 2
70 71 2
71 72 2
72 73 2
73 74 2
74 75 1
76 77 1
77 78 1
78 79 1
79 80 1
80 81 1
81 82 2
82 83 2
83 84 1
84 85 1
85 86 2
86 87 2
87 88 1
88 89 2
89 90 2
90 91 1
91 92 2
92 93 1
93 94 2
94 95 2
95 96 2
96 97 2
97 98 1
98 99 2
99 100 1
101 102 1
102 103 1
103 104 1
104 105 1
105 106 2
106 107 2
107 108 1
108 109 1
109 110 2
110 111 2
111 112 1
112 113 1
113 114 2
114 115 2
115 116 1
116 117 2
117 118 2
118 119 1
119 120 1
120 121 1
121 122 1
122 123 1
123 124 1
124 125 1
126 127 1
127 128 1
128 129 2
129 130 2
130 131 2
131 132 2
132 133 2
133 134 1
134 135 1
135 136 1
136 137 1
137 138 2
138 139 2
139 140 1
140 141 2
141 142 2
142 143 1
143 144 1
144 145 2
145 146 2
146 147 1
147 148 1
148 149 2
149 150 2
151 152 1
152 153 1
153 154 1
154 155 2
155 156 2
156 157 2
157 158 1
158 159 1
159 160 2
160 161 1
161 162 2
162 163 2
163 164 1
164 165 2
165 166 2
166 167 1
167 168 2
168 169 2
169 170 2
170 171 2
171 172 1
172 173 1
173 174 2
174 175 2
176 177 2
177 178 1
178 179 1
179 180 2
180 181 1
181 182 2
182 183 1
183 184 2
184 185 1
185 186 2
186 187 2
187 188 1
188 189 1
189 190 1
190 191 1
191 192 2
192 193 2
193 194 2
194 195 2
195 196 2
196 197 2
197 198 1
198 199 1
199 200 1
201 202 2
202 203 2
203 204 1
204 205 2
205 206 2
206 207 1
207 208 1
208 209 2
209 210 1
210 211 1
211 212 2
212 213 2
213 214 1
214 215 2
215 216 2
216 217 1
217 218 2
218 219 1
219 220 1
220 221 1
221 222 1
222 223 2
223 224 1
224 225 2
226 227 2
227 228 2
228 229 1
229 230 1
230 231 2
231 232 1
232 233 2
233 234 1
234 235 1
235 236 1
236 237 2
237 238 2
238 239 1
239 240 2
240 241 2
241 242 1
242 243 2
243 244 1
244 245 2
245 246 2
246 247 2
247 248 2
248 249 2
249 250 1
251 252 2
252 253 1
253 254 1
254 255 1
255 256 1
256 257 2
257 258 1
258 259 2
259 260 1
260 261 2
261 262 1
262 263 2
263 264 2
264 265 2
265 266 1
266 267 1
267 268 1
268 269 2
269 270 1
270 271 2
271 272 2
272 273 2
273 274 1
274 275 2
276 277 2
277 278 2
278 279 1
279 280 2
280 281 2
281 282 1
282 283 1
283 284 1
284 285 2
285 286 2
286 287 1
287 288 1
288 289 2
289 290 2
290 291 2
291 292 2
292 293 2
293 294 2
294 295 1
295 296 1
296 297 2
297 298 2
298 299 2
299 300 1
301 302 2
302 303 2
303 304 2
304 305 2
305 306 2
306 307 2
307 308 1
308 309 2
309 310 1
310 311 1
311 312 2
312 313 1
313 314 1
314 315 2
315 316 1
316 317 1
317 318 2
318 319 2
319 320 1
320 321 2
321 322 1
322 323 1
323 324 2
324 325 2
326 327 1
327 328 2
328 329 2
329 330 2
330 331 1
331 332 2
332 333 2
333 334 2
334 335 2
335 336 2
336 337 2
337 338 1
338 339 2
339 340 1
340 341 2
341 342 1
342 343 2
343 344 2
344 345 1
345 346 1
346 347 2
347 348 1
348 349 1
349 350 1
351 352 2
352 353 1
353 354 1
354 355 1
355 356 2
356 357 2
357 358 1
358 359 1
359 360 2
360 361 1
361 362 2
362 363 2
363 364 2
364 365 1
365 366 1
366 367 2
367 368 2
368 369 2
369 370 2
370 371 1
371 372 2
372 373 1
373 374 1
374 375 1
376 377 2
377 378 1
378 379 2
379 380 2
380 381 1
381 382 2
382 383 2
383 384 2
384 385 1
385 386 2
386 387 1
387 388 1
388 389 2
389 390 2
390 391 1
391 392 1
392 393 1
393 394 2
394 395 2
395 396 2
396 397 1
397 398 1
398 399 2
399 400 2
401 402 2
402 403 2
403 404 1
404 405 1
405 406 2
406 407 1
407 408 1
408 409 2
409 410 1
410 411 1
411 412 2
412 413 1
413 414 2
414 415 1
415 416 1
416 417 1
417 418 1
418 419 1
419 420 1
420 421 2
421 422 2
422 423 2
423 424 1
424 425 2
426 427 2
427 428 1
428 429 2
429 430 1
430 431 2
431 432 2
432 433 1
433 434 2
434 435 1
435 436 1
436 437 1
437 438 1
438 439 2
439 440 1
440 441 2
441 442 1
442 443 2
443 444 1
444 445 2
445 446 1
446 447 1
447 448 2
448 449 1
449 450 1
451 452 1
452 453 2
453 454 1
454 455 1
455 456 1
456 457 2
457 458 2
458 459 2
459 460 1
460 461 2
461 462 2
462 463 2
463 464 2
464 465 1
465 466 2
466 467 2
467 468 2
468 469 1
469 470 1
470 471 2
471 472 1
472 473 2
473 474 1
474 475 1
476 477 1
477 478 1
478 479 1
479 480 1
480 481 1
481 482 2
482 483 2
483 484 1
484 485 2
485 486 1
486 487 2
487 488 1
488 489 1
489 490 1
490 491 2
491 492 2
492 493 1
493 494 2
494 495 1
495 496 2
496 497 2
497 498 1
498 499 2
499 500 2
501 502 2
502 503 1
503 504 2
504 505 2
505 506 2
506 507 2
507 508 1
508 509 1
509 510 2
510 511 1
511 512 1
512 513 1
513 514 2
514 515 2
515 516 1
516 517 1
517 518 2
518 519 2
519 520 2
520 521 1
521 522 2
522 523 1
523 524 2
524 525 2
526 527 2
527 528 1
528 529 1
529 530 1
530 531 1
531 532 1
532 533 2
533 534 1
534 535 1
535 536 1
536 537 1
537 538 1
538 539 2
539 540 1
540 541 2
541 542 1
542 543 1
543 544 2
544 545 2
545 546 1
546 547 1
547 548 2
548 549 1
549 550 1
551 552 1
552 553 1
553 554 2
554 555 1
555 556 2
556 557 1
557 558 1
558 559 1
559 560 2
560 561 2
561 562 2
562 563 2
563 564 2
564 565 1
565 566 2
566 567 2
567 568 2
568 569 2
569 570 1
570 571 1
571 572 1
572 573 2
573 574 1
574 575 2
576 577 1
577 578 2
578 579 1
579 580 2
580 581 1
581 582 1
582 583 2
583 584 1
584 585 1
585 586 1
586 587 2
587 588 1
588 589 2
589 590 1
590 591 1
591 592 1
592 593 2
593 594 1
594 595 2
595 596 1
596 597 1
597 598 1
598 599 1
599 600 1
601 602 1
602 603 2
603 604 1
604 605 1
605 606 1
606 607 2
607 608 1
608 609 1
609 610 1
610 611 1
611 612 1
612 613 2
613 614 2
614 615 2
615 616 2
616 617 1
617 618 1
618 619 2
619 620 1
620 621 2
621 622 1
622 623 1
623 624 2
624 625 2
961 1860
1 32 67
32 63 3
63 94 48
94 125 96
125 156 36
156 187 30
187 218 99
218 249 10
249 280 88
280 311 14
311 342 13
342 373 86
373 404 84
404 435 51
435 466 9
466 497 98
497 528 31
528 559 83
559 590 63
590 621 31
621 652 62
652 683 23
683 714 30
714 745 13
745 776 92
776 807 28
807 838 64
838 869 80
869 900 30
900 931 40
2 33 55
33 64 41
64 95 52
95 126 71
126 157 57
157 188 93
188 219 58
219 250 61
250 281 56
281 312 64
312 343 23
343 374 30
374 405 45
405 436 35
436 467 69
467 498 52
498 529 49
529 560 38
560 591 49
591 622 58
622 653 51
653 684 78
684 715 16
715 746 99
746 777 20
777 808 64
808 839 66
839 870 70
870 901 18
901 932 66
3 34 93
34 65 93
65 96 15
96 127 44
127 158 30
158 189 15
189 220 85
220 251 89
251 282 52
282 313 53
313 344 89
344 375 4
375 406 75
406 437 70
437 468 50
468 499 9
499 530 70
530 561 72
561 592 29
592 623 25
623 654 97
654 685 11
685 716 30
716 747 42
747 778 39
778 809 42
809 840 47
840 871 59
871 902 56
902 933 29
4 35 62
35 66 80
66 97 54
97 128 96
128 159 35
159 190 1
190 221 46
221 252 34
252 283 1
283 314 52
314 345 37
345 376 75
376 407 60
407 438 65
438 469 27
469 500 61
500 531 19
531 562 67
562 593 31
593 624 34
624 655 35
655 686 88
686 717 31
717 748 33
748 779 80
779 810 96
810 841 31
841 872 18
872 903 11
903 934 37
5 36 100
36 67 47
67 98 88
98 129 54
129 160 82
160 191 60
191 222 90
222 253 12
253 284 12
284 315 10
315 346 66
346 377 42
377 408 41
408 439 6
439 470 40
470 501 49
501 532 53
532 563 86
563 594 60
594 625 15
625 656 7
656 687 57
687 718 10
718 749 2
749 780 71
780 811 43
811 842 6
842 873 91
873 904 99
904 935 71
6 37 58
37 68 89
68 99 35
99 130 3
130 161 5
161 192 23
192 223 55
223 254 35
254 285 94
285 316 29
316 347 63
347 378 78
378 409 37
409 440 54
440 471 5
471 502 16
502 533 62
533 564 14
564 595 25
595 626 37
626 657 60
657 688 82
688 719 19
719 750 11
750 781 20
781 812 36
812 843 57
843 874 35
874 905 15
905 936 83
7 38 46
38 69 14
69 100 2
100 131 13
131 162 96
162 193 99
193 224 76
224 255 75
255 286 75
286 317 65
317 348 90
348 379 28
379 410 39
410 441 63
441 472 3
472 503 11
503 534 76
534 565 93
565 596 72
596 627 48
627 658 8
658 689 61
689 720 99
720 751 25
751 782 8
782 813 68
813 844 23
844 875 26
875 906 43
906 937 46
8 39 15
39 70 45
70 101 72
101 132 29
132 163 32
163 194 96
194 225 68
225 256 96
256 287 63
287 318 70
318 349 15
349 380 3
380 411 45
411 442 97
442 473 68
473 504 61
504 535 37
535 566 37
566 597 67
597 628 32
628 659 34
659 690 13
690 721 10
721 752 63
752 783 80
783 814 43
814 845 3
845 876 49
876 907 39
907 938 27
9 40 29
40 71 24
71 102 52
102 133 77
133 164 78
164 195 95
195 226 63
226 257 68
257 288 86
288 319 43
319 350 23
350 381 83
381 412 88
412 443 22
443 474 44
474 505 100
505 536 22
536 567 7
567 598 45
598 629 68
629 660 74
660 691 12
691 722 77
722 753 81
753 784 60
784 815 10
815 846 79
846 877 20
877 908 18
908 939 82
10 41 51
41 72 93
72 103 96
103 134 40
134 165 68
165 196 89
196 227 43
227 258 8
258 289 20
289 320 83
320 351 57
351 382 72
382 413 73
413 444 90
444 475 30
475 506 3
506 537 67
537 568 84
568 599 5
599 630 19
630 661 14
661 692 56
692 723 70
723 754 25
754 785 59
785 816 20
816 847 44
847 878 24
878 909 99
909 940 21
11 42 6
42 73 86
73 104 45
104 135 95
135 166 92
166 197 56
197 228 98
228 259 45
259 290 30
290 321 7
321 352 85
352 383 26
383 414 35
414 445 69
445 476 31
476 507 38
507 538 96
538 569 16
569 600 14
600 631 5
631 662 76
662 693 50
693 724 71
724 755 83
755 786 28
786 817 68
817 848 16
848 879 3
879 910 12
910 941 38
12 43 92
43 74 19
74 105 19
105 136 62
136 167 46
167 198 30
198 229 35
229 260 41
260 291 53
291 322 37
322 353 3
353 384 67
384 415 23
415 446 48
446 477 55
477 508 31
508 539 59
539 570 3
570 601 23
601 632 85
632 663 40
663 694 52
694 725 76
725 756 24
756 787 49
787 818 12
818 849 41
849 880 17
880 911 69
911 942 2
13 44 48
44 75 18
75 106 41
106 137 2
137 168 54
168 199 44
199 230 89
230 261 9
261 292 93
292 323 41
323 354 9
354 385 40
385 416 90
416 447 45
447 478 93
478 509 19
509 540 49
540 571 11
571 602 34
602 633 86
633 664 99
664 695 49
695 726 48
726 757 64
757 788 75
788 819 90
819 850 89
850 881 16
881 912 77
912 943 23
14 45 13
45 76 44
76 107 60
107 138 61
138 169 27
169 200 89
200 231 89
231 262 95
262 293 3
293 324 100
324 355 97
355 386 28
386 417 59
417 448 87
448 479 79
479 510 36
510 541 31
541 572 4
572 603 6
603 634 62
634 665 55
665 696 32
696 727 81
727 758 98
758 789 96
789 820 26
820 851 21
851 882 78
882 913 72
913 944 100
15 46 30
46 77 48
77 108 38
108 139 28
139 170 79
170 201 71
201 232 73
232 263 97
263 294 89
294 325 19
325 356 25
356 387 43
387 418 46
418 449 74
449 480 67
480 511 50
511 542 13
542 573 15
573 604 88
604 635 15
635 666 55
666 697 13
697 728 42
728 759 50
759 790 85
790 821 41
821 852 26
852 883 3
883 914 100
914 945 28
16 47 76
47 78 38
78 109 5
109 140 97
140 171 11
171 202 30
202 233 78
233 264 43
264 295 37
295 326 79
326 357 61
357 388 33
388 419 8
419 450 37
450 481 64
481 512 31
512 543 93
543 574 5
574 605 88
605 636 10
636 667 29
667 698 52
698 729 74
729 760 96
760 791 33
791 822 45
822 853 67
853 884 41
884 915 91
915 946 91
17 48 44
48 79 11
79 110 80
110 141 84
141 172 65
172 203 61
203 234 13
234 265 67
265 296 69
296 327 14
327 358 76
358 389 46
389 420 21
420 451 43
451 482 9
482 513 25
513 544 48
544 575 12
575 606 60
606 637 2
637 668 78
668 699 72
699 730 57
730 761 98
761 792 10
792 823 81
823 854 20
854 885 54
885 916 73
916 947 6
18 49 99
49 80 95
80 111 60
111 142 38
142 173 11
173 204 21
204 235 63
235 266 66
266 297 43
297 328 65
328 359 94
359 390 61
390 421 28
421 452 17
452 483 42
483 514 91
514 545 24
545 576 15
576 607 86
607 638 15
638 669 79
669 700 35
700 731 37
731 762 40
762 793 52
793 824 52
824 855 10
855 886 4
886 917 43
917 948 25
19 50 6
50 81 44
81 112 85
112 143 40
143 174 93
174 205 7
205 236 67
236 267 78
267 298 6
298 329 98
329 360 65
360 391 88
391 422 11
422 453 69
453 484 31
484 515 1
515 546 31
546 577 74
577 608 58
608 639 80
639 670 13
670 701 2
701 732 10
732 763 100
763 794 86
794 825 49
825 856 29
856 887 19
887 918 8
918 949 18
20 51 41
51 82 79
82 113 64
113 144 9
144 175 51
175 206 63
206 237 77
237 268 80
268 299 39
299 330 88
330 361 82
361 392 94
392 423 87
423 454 97
454 485 62
485 516 29
516 547 61
547 578 27
578 609 80
609 640 14
640 671 21
671 702 3
702 733 88
733 764 27
764 795 43
795 826 11
826 857 66
857 888 85
888 919 17
919 950 52
21 52 19
52 83 7
83 114 5
114 145 11
145 176 92
176 207 11
207 238 57
238 269 86
269 300 49
300 331 51
331 362 28
362 393 48
393 424 26
424 455 51
455 486 1
486 517 69
517 548 50
548 579 57
579 610 81
610 641 64
641 672 13
672 703 87
703 734 25
734 765 22
765 796 60
796 827 99
827 858 32
858 889 72
889 920 100
920 951 75
22 53 69
53 84 79
84 115 55
115 146 93
146 177 10
177 208 99
208 239 54
239 270 51
270 301 16
301 332 68
332 363 41
363 394 59
394 425 47
425 456 78
456 487 53
487 518 64
518 549 72
549 580 85
580 611 59
611 642 1
642 673 7
673 704 36
704 735 89
735 766 79
766 797 91
797 828 67
828 859 95
859 890 3
890 921 50
921 952 32
23 54 83
54 85 81
85 116 100
116 147 62
147 178 67
178 209 89
209 240 1
240 271 90
271 302 87
302 333 35
333 364 82
364 395 1
395 426 45
426 457 2
457 488 58
488 519 39
519 550 87
550 581 84
581 612 48
612 643 11
643 674 20
674 705 7
705 736 100
736 767 96
767 798 19
798 829 70
829 860 4
860 891 18
891 922 90
922 953 84
24 55 87
55 86 1
86 117 74
117 148 38
148 179 79
179 210 51
210 241 95
241 272 62
272 303 96
303 334 89
334 365 90
365 396 14
396 427 12
427 458 94
458 489 59
489 520 51
520 551 7
551 582 22
582 613 57
613 644 18
644 675 27
675 706 95
706 737 47
737 768 39
768 799 8
799 830 28
830 861 14
861 892 17
892 923 25
923 954 94
25 56 1
56 87 85
87 118 28
118 149 31
149 180 70
180 211 72
211 242 35
242 273 48
273 304 64
304 335 96
335 366 34
366 397 84
397 428 30
428 459 96
459 490 15
490 521 51
521 552 34
552 583 84
583 614 41
614 645 60
645 676 12
676 707 33
707 738 94
738 769 64
769 800 28
800 831 25
831 862 96
862 893 93
893 924 71
924 955 27
26 57 57
57 88 38
88 119 36
119 150 65
150 181 19
181 212 15
212 243 21
243 274 13
274 305 52
305 336 19
336 367 47
367 398 79
398 429 63
429 460 84
460 491 77
491 522 71
522 553 58
553 584 93
584 615 81
615 646 18
646 677 74
677 708 66
708 739 86
739 770 62
770 801 97
801 832 69
832 863 7
863 894 16
894 925 58
925 956 19
27 58 41
58 89 99
89 120 84
120 151 52
151 182 5
182 213 11
213 244 5
244 275 3
275 306 87
306 337 27
337 368 74
368 399 27
399 430 14
430 461 29
461 492 74
492 523 33
523 554 19
554 585 99
585 616 86
616 647 30
647 678 84
678 709 93
709 740 27
740 771 89
771 802 40
802 833 33
833 864 35
864 895 48
895 926 43
926 957 42
28 59 22
59 90 5
90 121 12
121 152 91
152 183 66
183 214 75
214 245 45
245 276 53
276 307 39
307 338 52
338 369 19
369 400 17
400 431 32
431 462 47
462 493 71
493 524 27
524 555 44
555 586 79
586 617 74
617 648 54
648 679 57
679 710 49
710 741 48
741 772 58
772 803 67
803 834 12
834 865 31
865 896 20
896 927 45
927 958 3
29 60 6
60 91 22
91 122 96
122 153 27
153 184 63
184 215 57
215 246 2
246 277 7
277 308 14
308 339 92
339 370 28
370 401 2
401 432 43
432 463 66
463 494 64
494 525 14
525 556 76
556 587 10
587 618 56
618 649 65
649 680 97
680 711 26
711 742 99
742 773 75
773 804 60
804 835 62
835 866 22
866 897 48
897 928 65
928 959 40
30 61 84
61 92 17
92 123 70
123 154 7
154 185 46
185 216 32
216 247 30
247 278 22
278 309 57
309 340 44
340 371 43
371 402 16
402 433 82
433 464 34
464 495 1
495 526 55
526 557 3
557 588 22
588 619 87
619 650 2
650 681 38
681 712 59
712 743 35
743 774 39
774 805 45
805 836 74
836 867 48
867 898 29
898 929 9
929 960 86
31 62 82
62 93 22
93 124 100
124 155 3
155 186 77
186 217 21
217 248 22
248 279 31
279 310 15
310 341 88
341 372 23
372 403 30
403 434 44
434 465 98
465 496 59
496 527 94
527 558 92
558 589 31
589 620 33
620 651 75
651 682 2
682 713 4
713 744 89
744 775 6
775 806 90
806 837 4
837 868 34
868 899 40
899 930 85
930 961 67
1 2 87
2 3 73
3 4 73
4 5 7
5 6 95
6 7 82
7 8 36
8 9 69
9 10 31
10 11 92
11 12 19
12 13 42
13 14 51
14 15 31
15 16 7
16 17 52
17 18 91
18 19 23
19 20 19
20 21 92
21 22 69
22 23 39
23 24 96
24 25 92
25 26 52
26 27 34
27 28 33
28 29 72
29 30 31
30 31 56
32 33 61
33 34 63
34 35 68
35 36 30
36 37 8
37 38 1
38 39 98
39 40 50
40 41 1
41 42 77
42 43 99
43 44 51
44 45 55
45 46 4
46 47 72
47 48 43
48 49 1
49 50 3
50 51 39
51 52 53
52 53 80
53 54 31
54 55 42
55 56 79
56 57 92
57 58 33
58 59 56
59 60 71
60 61 81
61 62 84
63 64 17
64 65 72
65 66 31
66 67 58
67 68 13
68 69 38
69 70 60
70 71 6
71 72 34
72 73 98
73 74 55
74 75 90
75 76 59
76 77 48
77 78 24
78 79 38
79 80 58
80 81 82
81 82 56
82 83 88
83 84 87
84 85 7
85 86 12
86 87 39
87 88 20
88 89 41
89 90 28
90 91 73
91 92 65
92 93 15
94 95 11
95 96 49
96 97 92
97 98 89
98 99 20
99 100 41
100 101 78
101 102 48
102 103 41
103 104 74
104 105 50
105 106 66
106 107 81
107 108 45
108 109 54
109 110 9
110 111 20
111 112 74
112 113 3
113 114 76
114 115 37
115 116 50
116 117 10
117 118 39
118 119 72
119 120 72
120 121 21
121 122 12
122 123 99
123 124 58
125 126 57
126 127 24
127 128 39
128 129 28
129 130 97
130 131 46
131 132 66
132 133 80
133 134 89
134 135 69
135 136 38
136 137 85
137 138 87
138 139 67
139 140 15
140 141 15
141 142 44
142 143 79
143 144 88
144 145 94
145 146 40
146 147 100
147 148 98
148 149 39
149 150 39
150 151 97
151 152 100
152 153 92
153 154 66
154 155 29
156 157 2
157 158 68
158 159 14
159 160 91
160 161 6
161 162 36
162 163 64
163 164 80
164 165 99
165 166 76
166 167 60
167 168 22
168 169 95
169 170 39
170 171 95
171 172 41
172 173 8
173 174 24
174 175 32
175 176 31
176 177 38
177 178 58
178 179 92
179 180 68
180 181 79
181 182 46
182 183 78
183 184 7
184 185 100
185 186 5
187 188 90
188 189 94
189 190 23
190 191 23
191 192 52
192 193 80
193 194 24
194 195 57
195 196 90
196 197 49
197 198 59
198 199 39
199 200 33
200 201 42
201 202 79
202 203 31
203 204 73
204 205 87
205 206 16
206 207 67
207 208 58
208 209 26
209 210 82
210 211 20
211 212 36
212 213 63
213 214 63
214 215 92
215 216 7
216 217 43
218 219 29
219 220 56
220 221 64
221 222 68
222 223 92
223 224 81
224 225 88
225 226 51
226 227 60
227 228 59
228 229 1
229 230 47
230 231 5
231 232 98
232 233 54
233 234 17
234 235 42
235 236 13
236 237 31
237 238 48
238 239 69
239 240 27
240 241 37
241 242 54
242 243 13
243 244 17
244 245 67
245 246 34
246 247 81
247 248 83
249 250 87
250 251 43
251 252 28
252 253 81
253 254 10
254 255 84
255 256 71
256 257 33
257 258 4
258 259 35
259 260 36
260 261 49
261 262 49
262 263 98
263 264 5
264 265 15
265 266 52
266 267 88
267 268 63
268 269 8
269 270 28
270 271 21
271 272 85
272 273 10
273 274 33
274 275 68
275 276 97
276 277 38
277 278 7
278 279 29
280 281 13
281 282 28
282 283 19
283 284 25
284 285 8
285 286 28
286 287 18
287 288 40
288 289 4
289 290 55
290 291 23
291 292 22
292 293 19
293 294 63
294 295 87
295 296 82
296 297 41
297 298 31
298 299 7
299 300 9
300 301 72
301 302 47
302 303 46
303 304 84
304 305 77
305 306 87
306 307 93
307 308 70
308 309 79
309 310 96
311 312 21
312 313 56
313 314 41
314 315 68
315 316 64
316 317 99
317 318 40
318 319 78
319 320 64
320 321 35
321 322 30
322 323 90
323 324 60
324 325 46
325 326 28
326 327 23
327 328 18
328 329 61
329 330 77
330 331 12
331 332 65
332 333 42
333 334 70
334 335 55
335 336 95
336 337 54
337 338 55
338 339 82
339 340 42
340 341 48
342 343 62
343 344 83
344 345 53
345 346 33
346 347 1
347 348 90
348 349 13
349 350 3
350 351 45
351 352 61
352 353 49
353 354 70
354 355 82
355 356 40
356 357 30
357 358 22
358 359 37
359 360 7
360 361 80
361 362 11
362 363 60
363 364 44
364 365 84
365 366 86
366 367 39
367 368 33
368 369 33
369 370 17
370 371 87
371 372 82
373 374 54
374 375 88
375 376 55
376 377 81
377 378 33
378 379 82
379 380 96
380 381 60
381 382 100
382 383 14
383 384 61
384 385 83
385 386 20
386 387 5
387 388 74
388 389 37
389 390 62
390 391 36
391 392 91
392 393 18
393 394 21
394 395 25
395 396 33
396 397 44
397 398 17
398 399 84
399 400 1
400 401 24
401 402 70
402 403 15
404 405 99
405 406 10
406 407 42
407 408 27
408 409 95
409 410 77
410 411 73
411 412 79
412 413 19
413 414 27
414 415 10
415 416 63
416 417 79
417 418 90
418 419 67
419 420 81
420 421 40
421 422 75
422 423 48
423 424 39
424 425 71
425 426 29
426 427 9
427 428 20
428 429 12
429 430 66
430 431 11
431 432 73
432 433 19
433 434 23
435 436 87
436 437 16
437 438 77
438 439 83
439 440 77
440 441 63
441 442 46
442 443 18
443 444 10
444 445 100
445 446 15
446 447 89
447 448 65
448 449 26
449 450 56
450 451 32
451 452 40
452 453 95
453 454 40
454 455 1
455 456 18
456 457 58
457 458 68
458 459 95
459 460 69
460 461 55
461 462 58
462 463 7
463 464 22
464 465 69
466 467 28
467 468 36
468 469 82
469 470 19
470 471 9
471 472 65
472 473 93
473 474 37
474 475 38
475 476 76
476 477 20
477 478 35
478 479 71
479 480 13
480 481 79
481 482 51
482 483 3
483 484 63
484 485 60
485 486 68
486 487 81
487 488 42
488 489 37
489 490 2
490 491 76
491 492 71
492 493 77
493 494 62
494 495 77
495 496 83
497 498 72
498 499 8
499 500 44
500 501 9
501 502 1
502 503 32
503 504 92
504 505 68
505 506 82
506 507 13
507 508 55
508 509 79
509 510 94
510 511 83
511 512 96
512 513 15
513 514 41
514 515 91
515 516 87
516 517 10
517 518 71
518 519 93
519 520 53
520 521 61
521 522 42
522 523 62
523 524 73
524 525 53
525 526 99
526 527 17
528 529 79
529 530 28
530 531 14
531 532 93
532 533 38
533 534 100
534 535 21
535 536 4
536 537 58
537 538 9
538 539 38
539 540 56
540 541 86
541 542 58
542 543 53
543 544 57
544 545 86
545 546 12
546 547 8
547 548 14
548 549 35
549 550 20
550 551 74
551 552 80
552 553 4
553 554 40
554 555 4
555 556 25
556 557 82
557 558 60
559 560 49
560 561 91
561 562 33
562 563 3
563 564 35
564 565 30
565 566 39
566 567 21
567 568 63
568 569 70
569 570 86
570 571 6
571 572 74
572 573 51
573 574 44
574 575 83
575 576 56
576 577 96
577 578 82
578 579 26
579 580 29
580 581 29
581 582 28
582 583 97
583 584 8
584 585 46
585 586 84
586 587 36
587 588 99
588 589 81
590 591 12
591 592 31
592 593 39
593 594 100
594 595 66
595 596 75
596 597 39
597 598 15
598 599 70
599 600 82
600 601 61
601 602 34
602 603 3
603 604 67
604 605 84
605 606 95
606 607 99
607 608 93
608 609 48
609 610 25
610 611 32
611 612 29
612 613 8
613 614 5
614 615 47
615 616 29
616 617 42
617 618 72
618 619 17
619 620 26
621 622 90
622 623 74
623 624 39
624 625 52
625 626 16
626 627 83
627 628 29
628 629 32
629 630 1
630 631 53
631 632 43
632 633 64
633 634 3
634 635 28
635 636 15
636 637 98
637 638 76
638 639 21
639 640 83
640 641 6
641 642 82
642 643 64
643 644 41
644 645 90
645 646 78
646 647 10
647 648 44
648 649 25
649 650 24
650 651 84
652 653 75
653 654 69
654 655 88
655 656 93
656 657 7
657 658 39
658 659 97
659 660 22
660 661 61
661 662 46
662 663 1
663 664 11
664 665 60
665 666 96
666 667 73
667 668 99
668 669 51
669 670 91
670 671 2
671 672 34
672 673 75
673 674 82
674 675 59
675 676 23
676 677 10
677 678 93
678 679 62
679 680 12
680 681 21
681 682 77
683 684 38
684 685 6
685 686 42
686 687 19
687 688 79
688 689 38
689 690 92
690 691 36
691 692 71
692 693 72
693 694 65
694 695 10
695 696 32
696 697 9
697 698 59
698 699 9
699 700 70
700 701 16
701 702 56
702 703 47
703 704 65
704 705 24
705 706 74
706 707 31
707 708 29
708 709 67
709 710 27
710 711 28
711 712 39
712 713 62
714 715 48
715 716 76
716 717 56
717 718 24
718 719 40
719 720 53
720 721 93
721 722 51
722 723 67
723 724 43
724 725 9
725 726 51
726 727 5
727 728 32
728 729 65
729 730 28
730 731 12
731 732 56
732 733 96
733 734 3
734 735 20
735 736 74
736 737 16
737 738 23
738 739 41
739 740 37
740 741 6
741 742 81
742 743 100
743 744 30
745 746 52
746 747 13
747 748 72
748 749 48
749 750 32
750 751 78
751 752 82
752 753 43
753 754 96
754 755 26
755 756 17
756 757 21
757 758 6
758 759 53
759 760 82
760 761 64
761 762 56
762 763 66
763 764 70
764 765 60
765 766 99
766 767 79
767 768 77
768 769 60
769 770 59
770 771 26
771 772 28
772 773 28
773 774 8
774 775 19
776 777 95
777 778 66
778 779 89
779 780 32
780 781 85
781 782 52
782 783 42
783 784 73
784 785 87
785 786 88
786 787 40
787 788 13
788 789 82
789 790 48
790 791 4
791 792 96
792 793 27
793 794 2
794 795 89
795 796 32
796 797 1
797 798 19
798 799 61
799 800 38
800 801 83
801 802 90
802 803 40
803 804 27
804 805 94
805 806 57
807 808 5
808 809 87
809 810 91
810 811 34
811 812 42
812 813 6
813 814 42
814 815 12
815 816 17
816 817 79
817 818 10
818 819 4
819 820 91
820 821 18
821 822 78
822 823 73
823 824 72
824 825 100
825 826 68
826 827 78
827 828 78
828 829 69
829 830 77
830 831 57
831 832 85
832 833 12
833 834 22
834 835 25
835 836 95
836 837 32
838 839 60
839 840 25
840 841 100
841 842 16
842 843 57
843 844 65
844 845 96
845 846 44
846 847 68
847 848 7
848 849 39
849 850 22
850 851 23
851 852 5
852 853 28
853 854 35
854 855 54
855 856 37
856 857 57
857 858 25
858 859 48
859 860 90
860 861 53
861 862 80
862 863 62
863 864 71
864 865 9
865 866 51
866 867 33
867 868 28
869 870 1
870 871 2
871 872 3
872 873 9
873 874 15
874 875 63
875 876 33
876 877 63
877 878 98
878 879 8
879 880 7
880 881 35
881 882 9
882 883 71
883 884 83
884 885 66
885 886 41
886 887 33
887 888 28
888 889 67
889 890 51
890 891 92
891 892 29
892 893 46
893 894 3
894 895 75
895 896 27
896 897 75
897 898 76
898 899 74
900 901 17
901 902 63
902 903 57
903 904 49
904 905 20
905 906 18
906 907 33
907 908 1
908 909 20
909 910 53
910 911 60
911 912 17
912 913 75
913 914 26
914 915 9
915 916 24
916 917 26
917 918 91
918 919 35
919 920 19
920 921 49
921 922 47
922 923 78
923 924 64
924 925 37
925 926 39
926 927 40
927 928 33
928 929 5
929 930 87
931 932 94
932 933 27
933 934 90
934 935 37
935 936 51
936 937 39
937 938 73
938 939 68
939 940 25
940 941 21
941 942 59
942 943 98
943 944 68
944 945 78
945 946 24
946 947 7
947 948 3
948 949 49
949 950 41
950 951 38
951 952 82
952 953 62
953 954 94
954 955 8
955 956 29
956 957 30
957 958 76
958 959 33
959 960 45
960 961 58
