100 99900
100000 99999 99998 99997 99996 99995 99994 99993 99992 99991 99990 99989 99988 99987 99986 99985 99984 99983 99982 99981 99980 99979 99978 99977 99976 99975 99974 99973 99972 99971 99970 99969 99968 99967 99966 99965 99964 99963 99962 99961 99960 99959 99958 99957 99956 99955 99954 99953 99952 99951 99950 99949 99948 99947 99946 99945 99944 99943 99942 99941 99940 99939 99938 99937 99936 99935 99934 99933 99932 99931 99930 99929 99928 99927 99926 99925 99924 99923 99922 99921 99920 99919 99918 99917 99916 99915 99914 99913 99912 99911 99910 99909 99908 99907 99906 99905 99904 99903 99902 99901 1000 1000 1000 1000 1000 1000 1000 1000 1000 1000 1000 1000 1000 1000 1000 1000 1000 1000 1000 1000 1000 1000 1000 1000 1000 1000 1000 1000 1000 1000 1000 1000 1000 1000 1000 1000 1000 1000 1000 1000 1000 1000 1000 1000 1000 1000 1000 1000 1000 1000 1000 1000 1000 1000 1000 1000 1000 1000 1000 1000 1000 1000 1000 1000 1000 1000 1000 1000 1000 1000 1000 1000 1000 1000 1000 1000 1000 1000 1000 1000 1000 1000 1000 1000 1000 1000 1000 1000 1000 1000 1000 1000 1000 1000 1000 1000 1000 1000 1000 1000
100 100000
1 2 3 4 5 6 7 8 9 10 11 12 13 14 15 16 17 18 19 20 21 22 23 24 25 26 27 28 29 30 31 32 33 34 35 36 37 38 39 40 41 42 43 44 45 46 47 48 49 50 51 52 53 54 55 56 57 58 59 60 61 62 63 64 65 66 67 68 69 70 71 72 73 74 75 76 77 78 79 80 81 82 83 84 85 86 87 88 89 90 91 92 93 94 95 96 97 98 99 100 100 100 100 100 100 100 100 100 100 100 100 100 100 100 100 100 100 100 100 100 100 100 100 100 100 100 100 100 100 100 100 100 100 100 100 100 100 100 100 100 100 100 100 100 100 100 100 100 100 100 100 100 100 100 100 100 100 100 100 100 100 100 100 100 100 100 100 100 100 100 100 100 100 100 100 100 100 100 100 100 100 100 100 100 100 100 100 100 100 100 100 100 100 100 100 100 100 100 100 100
10 100000
16259 15998 7017 9669 22348 29972 22546 16327 17803 28869 9 7 3 6 9 2 1 2 1 5
85 100000
12962 1400 13735 22771 2488 17632 4789 13373 21438 14687 2752 25535 13705 7498 13405 4879 7784 3200 15997 28071 8956 17393 16867 31370 31306 31325 18140 23339 20751 13918 21290 29066 26451 17833 5185 12704 11329 14737 31158 8701 19510 3277 21492 20400 25880 22138 19249 14695 21737 11876 17056 30167 22172 9857 31720 6494 24871 32190 3798 7911 31961 28670 2382 22543 750 18272 19336 10374 31585 4801 29817 4279 3329 9603 29326 19371 13255 17548 3232 1066 12647 9361 30501 25892 27685 2 1 4 6 1 1 3 1 6 5 5 3 8 8 2 6 9 1 5 6 7 6 5 2 7 4 2 1 9 6 10 8 6 4 4 8 5 3 7 6 4 4 5 10 8 7 3 2 2 6 2 4 6 6 4 8 1 2 5 8 4 3 9 2 10 1 3 8 1 2 5 5 10 9 4 5 4 5 4 2 5 4 7 9 3
19 100000
10905 3943 1078 24 6208 16137 16739 30288 20388 91 4737 31546 1860 40 91 12363 7346 94 41 191 541 435 309 463 402 39 970 192 95 836 883 605 176 279 604 458 892 408
100 100000
2753 23850 78826 76015 82258 2875 9510 62449 37906 75392 7823 19447 17253 12571 57217 66434 97242 47551 40323 72899 14697 1399 81251 57900 25190 45590 94071 68477 10082 67472 56318 18265 64794 85219 77138 95537 27968 86715 56437 18417 6205 6682 77321 11135 25641 74087 53250 49579 95416 49504 72545 17202 2805 73705 75722 77388 11810 84569 40207 98880 572 51537 77363 23819 25157 73699 8744 89659 22913 89405 42796 66867 85384 28612 25656 53238 14200 82294 66734 36245 81715 70882 12802 49524 17568 22292 55323 74886 31722 52457 41995 82688 20611 11955 32356 30652 25390 82318 91741 12958 68 88 81 41 55 20 40 51 78 48 16 70 3 32 3 41 72 81 56 74 62 99 67 89 34 43 77 59 58 23 28 78 100 15 5 17 48 51 38 73 59 66 82 49 59 56 51 6 85 71 19 74 71 16 74 11 33 16 77 70 55 39 58 55 10 94 25 94 4 10 99 6 26 4 59 71 51 26 100 67 21 28 47 63 7 57 90 91
26 24 91 58 67 10 3 6 55 65 41 55
10 128
49 46 55 87 98 67 19 5 57 21 2 4 10 1 6 2 2 7 3 1
84 30977
1928 4779 7293 25288 29782 9036 30902 27144 14360 17348 27480 20549 7223 24358 7481 7372 17754 6090 13921 27228 27357 28914 28952 32226 8831 15277 25412 14983 5210 19196 29170 5868 11033 13108 9011 30644 5221 6307 16937 4932 9632 20854 2401 17094 30934 24282 18275 25716 22000 354 12680 13075 15403 27817 22796 14013 8137 24120 30308 13028 12295 7082 32466 13716 14670 7182 14390 11256 30637 24716 16167 8224 28039 16460 13122 1025 4745 11155 32194 11710 28383 10799 26194 26918 6 2 7 1 9 6 2 7 3 3 10 2 1 2 1 6 2 3 2 9 5 1 9 10 9 3 4 10 10 3 4 8 10 8 7 5 8 2 10 3 5 4 7 8 3 3 4 10 3 7 7 8 1 8 9 2 2 8 6 10 5 10 3 3 5 3 1 9 7 9 9 10 2 2 10 9 1 7 10 10 9 3 8 3
7 14526
28 24 88 72 48 6 76 315 372 135 452 1 128 350
73 49254
28 30037 15506 12484 26065 70 75 18183 16401 30083 11823 145 18444 34 44 69 27211 1309 45 65 2835 55 80 3817 17852 19331 93 26607 1620 30829 16374 27321 22900 82 15489 13574 2 51 21 7584 37 1522 26272 39 21615 19963 24533 8663 58 21759 51 5187 21977 77 28292 8 32059 2 31 22374 23452 47 21748 84 9 27 62 24172 2523 89 36 100 29 4 237 596 253 176 607 693 363 226 603 168 125 26 757 90 352 416 175 683 656 758 167 231 472 441 494 509 463 52 274 692 421 557 286 324 174 964 248 252 998 585 428 216 974 821 7 77 926 132 15 880 172 514 793 547 932 428 818 138 792 896 754 630 457 575 782 711 175 417 877 895 773 434
0 0