1 1
1
10 59
12 18 14 3 19 8 5 2 11 9
7 147126
18370021 18649125 15646433 15838120 36818577 11443951 9100505
10 603597
3102 11829 11897 11430 7035 8542 5981 7105 7265 9611
20 49
2 3 7 9 7 3 4 7 5 4 2 5 5 4 5 9 8 1 1 5
17 417467315
20255137 82231589 90238931 36289023 26079158 49582538 8912220 10502117 53108677 81103624 29273239 36690058 58450090 5864447 1451705 68902454 41363311
19 304817590
28725156045 16951162663 30927339384 13514614864 28179024895 23337156662 23063427661 13403722854 11097944822 7529640269 22801091745 7976364916 16004335649 29720541778 31771327183 22447599176 9518183387 30123100879 24438598905
23 147
22 4 2 10 6 13 6 19 21 16 22 13 1 21 3 16 12 21 4 10 11 4 17
26 45483255245802
2173936058609943 1333999102188274 3174680812294970 1201646188770735 1755056201455257 3005539473543221 265183269550921 2671185160732530 137616044358176 2661322974395647 3475641689125829 3071496650710160 1751545611892372 2376853805711450 2950882468958056 1116060185561445 1601766663818928 3491132759312736 2125037603728658 443234262567348 3465958334556967 3308022033427953 3078353172336870 639059797371698 2205759825166428 1725155938833228
25 938304282571829
84009281794508 31960243762051 128303347786296 12284523560182 129954146396083 71485061420963 26221744575938 119670001261056 6208185251632 86092843400527 84259516246051 133895192703603 70074779903316 4229003607280 79389820411359 47131354409985 11004153241365 114253553039284 7323787822757 85845137723469 88973507853051 8051205988331 97950881089146 31459211390930 18723982085202
39 85
7 4 3 4 2 4 1 5 5 5 4 8 8 2 5 1 2 4 4 2 5 6 8 6 1 8 8 3 6 6 2 4 4 7 4 6 5 1 6
40 308549513273742
30423222926518 8078657303588 15602214760164 24229032830859 15506631692913 4364477498136 28498962247047 2135873757284 7057738693989 13638019388 5611440000245 5248492053294 19882354488276 27402275381574 10052541418586 24215315964780 16575972021137 13010698992666 23833085105379 9447613944412 241317268994 22992021998173 14258970686511 12022617665951 6702449940770 3969743032863 24272617367851 29191078307395 250847810742 28081536407342 22201059132262 6449994989207 1014820384787 27278997852018 16062012382461 6886150247743 20025821859379 21665681655626 16850054326046 8119005084554
40 326466600239824
125036236581282 9908376982259739 6909375193013902 5414529357316844 4100100667815025 3253048724133760 4658359827623417 407925826730596 8797461544503359 994579807534706 7806303495738502 7766174506454478 3180842019789476 9468249172726095 5442366486888982 3639164118321828 7675572795103481 9123513415410076 6942447987670673 3804076145764374 7081627213622237 1378436772052876 9510167910109445 3016827536056384 3019640478718365 8360567440857003 7515786237532068 5606974597232253 6691837676210575 1823976894123079 5647588130305032 1002109479877364 7258083894986465 2973864963780234 7436079180683999 9533514461882278 8607248506108593 3667891383866631 9286910834617758 5829007181752796
33 961341333673216
99912964157239 44561270896259 48321805633835 59499330763562 53196000879751 28221493525540 73501505967302 59135975296109 82989468898118 43965216288512 16424544405308 27837384885062 78535441920962 85396846843791 35393968534616 5528776917993 95346635855133 111318062518863 95711777182726 14172689932016 114403773324837 70255161130301 60691011036462 14605458653972 68546937328791 9291741692277 72971291458618 30942126868279 71659268571882 115608631010216 85595210366074 98220458625945 68920013502077
32 792997222297272
17348610116178 75634089356536 56159471825726 91031796744928 6991824961163 71805180730020 13774976795499 69413366662197 78930731095579 11197666034284 72654557123437 34204175611363 14670664429844 3542448592084 52675076501835 94251989193984 17782856824777 83502290905100 68188586472652 29527826771266 37252300588553 14793046468276 80757825075550 17386936622492 59305806263606 7939550965258 4685899005271 56541706751960 66587407717802 40284778686580 64314122858597 24812618352909
0 0
