16 14 10 4 7 9 3 2 8 1
16 14 10 8 7 9 3 2 4 1
9861 9637 9541 9525 9514 9210 8749 8743 8699 8654 8636 8566 8537 8460 8407 8310 8209 8150 8136 8056 7869 7788 7574 7399 7251 7072 7021 6937 6892 6870 6755 6623 6615 6589 6424 6342 6296 6177 6019 5919 5705 5638 5612 5579 5541 5396 5195 5128 5006 4702 4653 4628 4415 4403 4338 4335 4315 4205 4116 4049 3840 3789 3721 3434 3378 3330 2820 2808 2681 2612 2522 2275 2249 2232 2231 2163 2131 1941 1905 1797 1756 1722 1636 1447 1430 1289 1187 1107 886 812 785 748 579 537 475 346 299 299 291
9427 9755 9845 9388 9284 9206 9161 9158 9138 9074 8991 8514 8507 8482 8481 8472 8366 8283 8247 8013 7574 7555 7507 7442 7398 7231 7188 7061 6967 6927 6744 6626 6562 6512 6196 6105 6039 6034 6001 5777 5747 5740 5728 5523 5329 5160 5112 4926 4902 4845 4830 4703 4632 4628 4489 4435 4339 4290 4217 4154 4143 3953 3928 3886 3639 3030 2957 2734 2699 2299 2285 2143 2005 1996 1921 1719 1708 1693 1529 1488 1426 1426 1399 1376 1339 1305 1135 1078 1038 875 843 731 647 620 588 518 432 236 32
9957 9808 9724 9585 9571 9466 9132 9115 9070 8947 8901 8441 8422 8366 8217 8188 8159 8101 8092 7879 7705 7163 7093 6987 6980 6701 6606 6605 6520 6492 6236 6171 6158 6102 5902 5822 5748 5689 5198 5143 5087 4904 4839 4552 4552 4519 4455 4413 4403 4355 4179 4091 3825 3777 3571 3557 3520 3454 3398 3185 3174 3129 2986 2963 2749 2691 2652 2636 2593 2401 2397 2331 2298 2190 1951 1931 1742 1723 1639 1471 1325 1317 1288 1281 1227 1129 1071 917 679 618 592 537 529 424 419 405 293 175 150
9789 9931 9824 9757 9487 8984 8873 8821 8761 8756 8744 8515 8486 8458 8423 8200 7608 7439 7342 7325 7068 6814 6408 6336 6334 6312 6201 6190 5982 5924 5910 5817 5777 5347 5332 5329 5303 5181 5163 5040 4891 4834 4782 4719 4532 4294 4121 4055 3850 3653 3645 3639 3584 3395 3360 3248 3229 3203 3107 2939 2870 2842 2838 2576 2575 2524 2430 2233 2151 1998 1818 1812 1795 1792 1776 1754 1680 1653 1615 1589 1437 1406 1378 1378 1363 961 820 787 760 752 727 533 532 473 462 437 413 188 169
9871 9681 9635 9348 9163 9067 9036 9001 8932 8758 8746 8635 8573 8406 8139 8131 8061 8012 8008 7898 7870 7735 7689 7641 7598 7551 7443 6901 6802 6600 6587 6428 6149 6064 5973 5953 5870 5864 5768 5747 5628 5618 5266 5172 5026 4887 4621 4418 4385 4281 4045 3919 3906 3847 3752 3705 3605 3587 3128 3117 3069 3031 3020 2907 2895 2574 2500 2475 2400 2347 2298 2235 2218 2076 1885 1826 1806 1786 1702 1555 1548 1285 1260 1195 1157 1067 1019 978 910 566 524 487 425 412 300 203 130 91 22
9852 9909 9956 9735 9694 9647 9471 9435 9415 9395 9276 9137 9091 9080 9068 8986 8863 8587 8228 8034 8031 7950 7747 7726 7724 7571 7454 7318 6920 6761 6747 6741 6475 6441 6436 6293 6260 6234 6165 5828 5662 5299 5296 5202 5157 4952 4944 4845 4824 4622 4612 4475 4467 4449 4380 4366 4331 4185 4088 4016 3576 3540 3515 3456 3446 3277 3238 3167 3164 3148 3143 3104 2960 2839 2728 2396 2268 2182 2164 1980 1974 1918 1663 1654 1461 1419 1256 1096 1090 1083 992 968 833 777 752 416 230 196 156
9973 9957 9871 9839 9817 9694 9648 9547 9238 9232 9184 9129 9122 9036 8910 8639 8275 8235 8199 8111 8095 8059 8042 8020 7873 7714 7575 7532 7317 7079 7077 7057 6987 6901 6542 6483 6283 6157 6093 5960 5923 5692 5689 5667 5612 5578 5417 5406 5307 5187 5072 5063 5051 5032 4936 4927 4819 4314 4292 4035 3815 3613 3538 3310 3294 3222 3025 2965 2667 2646 2597 2581 2389 2365 2348 2267 2240 2106 1961 1757 1695 1680 1639 1515 1448 1402 1309 1117 1038 1006 961 847 763 668 655 410 409 263 215
9359 9759 9846 9248 9211 9122 8989 8935 8762 8697 8655 8653 8516 8485 8093 8073 8064 7918 7917 7868 7722 7470 7375 7344 7286 7159 7038 6989 6926 6872 6866 6572 6539 6488 6384 6312 6261 6045 6035 5920 5585 5585 5520 5412 5390 5271 5211 5189 5186 5000 4924 4908 4731 4697 4584 4423 4419 4218 3992 3931 3858 3703 3661 3455 3449 3368 3187 3093 3078 3014 2795 2297 2292 2166 2110 1992 1954 1648 1619 1614 1607 1596 1465 1445 1282 1268 1026 1004 956 905 897 816 799 519 446 295 283 280 72
0