10
7	3	9	
0 1 1	1 2 2 	2 4 4 	3 6 6	4 0 0 	4 5 6	5 1 1	5 3 3	6 2 2
7	4	11
0 0 0	0 2 2 	0 4 4	1 6 6	2 1 1 	2 3 3 	3 3 3	3 6 6 	4 1 1 	4 3 4 	5 6 6
8 	4	12
0 1 1 	0 5 5 	1 2 2 	1 7 7 	2 5 5 	3 1 1 	3 7 7	5 1 1 	5 6 6	6 0 0 	6 3 3	7 5 5
8 	5	15
0 2 2	0 6 6	1 2 2	2 5 5 	3 2 2 	3 5 5 	4 5 5	2 0 0	5 4 4 	6 0 0 	6 4 4	6 7 7	7 0 0 	7 4 4	7 7 7
9	5	17
0 2 2	1 1 1	1 3 3 	2 0 0	2 4 4	3 1 1	3 5 5	4 2 2	4 4 4	5 3 3	5 5 5 	6 2 2 	6 6 6	7 1 1	7 7 7	8 0 0	8 8 8
9	6	7
0 0 0	1 2 3 	2 0 0 	3 5 6 	5 7 8	6 4 5	7 1 2
10	5	13
0 1 1	2 9 9 	3 3 4	3 9 9	4 7 7	5 2 2 	5 9 9	6 6 7	7 2 2 	8 0 0	8 4 4 	8 9 9	9 6 6
10 	6	20
0 1 1	0 9 9	1 2 2 	1 9 9	2 1 1 	2 4 4 	2 8 8	3 3 3	4 4 4 	4 6 7 	5 1 1 	5 8 8	6 6 6 	6 8 8	7 2 2	7 5 5 	8 0 0 	8 8 8 	9 2 2 	9 6 6
11	6	7
0 4 7	2 6 6 	2 8 9	4 9 9 	5 1 1 	7 5 5 	9 10 10
11	7	8
2 1 1	2 3 4 	2 6 6	3 2 2	7 9 10	8 9 10	9 9 10	10 9 10
0