10
1
10
1 2
1 3
1 4
1 5
1 6
1 7
1 8
1 9
1 10
9 10
7
2
9
1 2
1 3
2 4
3 4
3 5
4 5
4 7
5 6
6 7
30
1
30
1 2
2 3
3 4
4 5
5 6
6 7
7 8
8 9
9 10
10 11
11 12
12 13
13 14
14 15
15 16
16 17
17 18
18 19
19 20
20 21
21 22
22 23
23 24
24 25
25 26
26 27
27 28
28 29
29 1
29 30
6
1
6
1 2
2 3
3 1
4 5
5 6
6 4
7
2
12
1 2
1 3
1 4
1 5
2 3
2 4
2 5
3 4
3 5
4 5
4 6
6 7
5
3
6
1 2
2 3
3 1
3 4
4 5
5 3
9
2
15
1 2
2 3
3 1
3 4
4 5
5 3
3 6
4 6
5 6
6 7
6 8
7 8
6 9
7 9
8 9
9
3
12
1 2
1 3
2 3
3 4
3 5
4 5
5 6
5 7
6 7
7 8
7 9
8 9
8
1
10
1 2
1 3
2 4
3 4
3 5
4 6
5 6
5 7
6 8
7 8
10
1
13
1 2
1 3
2 4
3 4
3 5
4 6
5 6
5 7
6 8
7 8
7 9
8 10
9 10
0