5 3 1
1 3
5 3
5 6
7 4
8 6
7 5 1
5 1
2 9
3 4
7 8
5 6
9 5
5 5
10 10 1
1 1
2 2
3 3
4 4
5 5
6 6
7 7
8 8
9 9
10 10
14 10000 1
1 10000
10000 1
9000 100
8000 300
7000 500
6000 800
5000 1500
4000 2000
3000 3000
2000 4000
1000 6000
10000 10000
9999 10000
10000 9999
22 10000 1
1 9000
1 8000
1 7000
1 6000
1 5000
1 4000
1 3000
1 2000
1 1000
9000 10000
8000 10000
7000 10000
6000 10000
5000 10000
4000 10000
3000 10000
2000 10000
1000 10000
1 1
1 10000
10000 1
10000 10000
5 3 3
1 3
5 3
5 6
7 4
8 6
5 3 3
1 3
5 3
5 6
7 4
8 6
10 28 2
10 10
20 20
30 30
40 40
50 50
60 60
70 70
80 80
90 90
100 100
22 100 3
100 100
110 110
120 120
130 130
140 140
150 150
160 160
170 170
180 180
190 190
200 200
250 250
300 300
100 300
130 270
140 260
160 240
190 210
220 180
270 130
290 110
300 100
22 10000 3
1 9000
1 8000
1 7000
1 6000
1 5000
1 4000
1 3000
1 2000
1 1000
9000 10000
8000 10000
7000 10000
6000 10000
5000 10000
4000 10000
3000 10000
2000 10000
1000 10000
1 1
1 10000
10000 1
10000 10000
20 350 19
3300 3100
1900 3200
2100 9000
9100 2300
2400 5000
7200 6500
8400 7500
2300 2000
5500 4400
200 700
7100 8200
7800 8700
9800 8700
2300 8700
5300 7700
8200 3700
800 8600
700 2600
5200 7100
1700 7900
20 5000 20
3100 4400
3900 2600
2600 4600
7000 300
5000 6300
1000 1100
8200 2500
1600 6100
4100 7700
2600 8800
2000 2600
9700 3700
2800 6900
6600 3700
6700 5200
7300 9700
9500 6400
2300 7300
6100 4400
2700 1100
20 1000 15
5100 4300
7700 1200
1400 9600
7800 7500
1400 3000
9400 1500
2700 300
8600 500
900 6500
10000 7000
5800 2800
9400 4500
8400 4100
4300 6200
5300 3000
100 5500
7200 7700
1800 8600
2500 9600
1200 3800
20 100 19
5400 2300
5300 2300
3200 9900
1700 8600
1600 5900
9200 5100
6100 6400
400 700
7700 3700
6100 3200
7700 500
8200 2700
1700 200
3400 1200
6400 6600
9300 2900
2000 7600
8000 3600
1300 4700
4700 6600
20 1000 20
8400 2500
9800 3600
2300 8500
3600 2900
4100 7600
4500 3700
6200 1700
4300 100
6300 5600
4900 8300
3700 5700
7700 5900
5200 7500
4400 900
4500 7900
8500 4200
1400 700
2600 100
8700 1900
7700 2200
0 0 0
