15
3 1000
fistpunch 150 200 kick
kick 500 1000 fistpunch
poke 20 20 poke
2 1000
starburst 250 500 starburst
wololololo 500 1000 wololololo
2 1000
AAA 150 200 YYYYYYYYYY AAA
YYYYYYYYYY 500 1000 AAA
2 1000
AAA 150 200 BBB
BBB 500 1000 AAA BBB
1 100
ASDFGH 1 1 ASDFGH
1 100
ASDFGH 30 300 ASDFGH
4 100
qwe 10 10 qwe
asd 12 5 asd
zxc 5 20 zxc
vbn 20 50 vbn
3 50
www 1 50 www
qqq 1 12 qqq eee
eee 1 7 eee qqq
23 10097
0 247 287 9
1 718 60 18 7 9
2 765 549 20 1
3 1045 334 7
4 785 515 7 13 15 1 5
5 168 254 19
6 749 371 21 19 17
7 490 381 11 8 14
8 631 208 11 0 4 13 21
9 821 505 11
10 492 429 2 18 4 7 22
11 226 457 1 7 4 2 18
12 469 455 3 19 14 9
13 957 360 14 5
14 487 500 17 18 4 5
15 249 544 0 2 19
16 303 527 15 4 0 1 13
17 644 290 5 15 4 1
18 232 184 5
19 142 330 6 19
20 606 438 2 3 21
21 938 488 15 22 6 4
22 18 108 1
24 10066
0 26 255 23
1 715 441 13 12
2 264 196 22 11 21 12 8
3 186 375 0 8 21
4 379 204 15 7 11
5 1183 520 8
6 1021 53 6 9
7 98 365 0
8 1092 141 20 5 11 19
9 945 73 12 3
10 238 302 11 12 19
11 1152 422 12 1 3 13
12 879 150 2 19 23 9 10
13 489 73 19 9 22
14 1115 400 23 6 21
15 268 248 12
16 338 118 0
17 719 88 23 1 7 13
18 896 64 2 15
19 1194 328 21 10
20 969 247 18 7 0
21 746 83 7 0 18 16
22 999 347 2 20 22
23 1114 476 19 13 2
23 10084
0 975 519 18
1 1078 294 2 19
2 888 367 8 13 11 10
3 470 439 5
4 723 307 22 17
5 94 80 11
6 685 235 18 4 2 13
7 372 87 17 9 2 8
8 719 369 3 14 11 2 1
9 279 314 10 22 6 4
10 1144 275 7 0 18 22
11 1040 177 17 15 21
12 728 526 9 20 7 21 5
13 677 251 19 17 8
14 316 160 5 13 6
15 743 403 17 21 16
16 660 302 9 21 0 17
17 973 511 6 20 14
18 706 377 6 8
19 825 338 9
20 730 190 6 5 13
21 964 55 22
22 403 151 22 16 15 2 14
25 10052
0 223 259 16
1 716 364 10
2 988 185 7 20
3 333 510 15 23 10
4 988 78 12
5 151 406 19 11 23
6 949 388 23
7 1121 391 20 12
8 644 65 10 9 20 15
9 3 390 0 7 6 2
10 764 220 23 16 2 5 1
11 596 84 17 15
12 765 490 20 11 3 22 10
13 218 518 16 3
14 1055 420 22 16 5 19 1
15 790 335 18
16 490 316 2 6 1 14
17 607 495 19 8
18 679 352 3
19 890 109 1
20 340 378 22 13
21 773 416 7
22 551 380 24
23 428 59 8 24 23 3
24 411 84 20 6 19 23 17
30 10080
0 563 543 1 3 13 7 25
1 1064 222 15 24 6 1
2 48 188 26
3 1009 222 18 8 0
4 191 381 1 14
5 1030 167 15 2 27 22 12
6 872 168 7 5 17 16 22
7 725 470 25 0
8 365 111 18 27 19
9 349 236 7 17 14 5
10 676 384 2 11 22
11 203 52 22 24
12 461 472 24
13 389 373 19 13 4 11
14 572 298 16 25
15 585 268 21 7 10 20
16 285 76 7 11 17
17 438 182 9 26 22 1 3
18 319 465 11
19 175 434 16 28 14
20 859 56 21 0
21 60 397 27 3 14 20
22 1067 50 20
23 379 388 5 18 17 25
24 1148 242 3 19 23
25 588 361 5 7 4 18 10
26 731 260 17 24 25 18 6
27 575 119 4 0 22
28 233 171 21 29 25 10
29 5 330 20
25 10013
0 131 234 22 7 20
1 1019 53 16 19 24
2 947 543 4 21
3 77 315 6 20 1
4 1168 113 3
5 723 294 3 0 1 9
6 967 273 7 23 19 1
7 480 232 0 2 5 10
8 363 216 22 6 5 7 9
9 101 477 5 18
10 291 387 16 17
11 1076 499 21 8 20 13
12 541 439 5 22 24
13 103 353 8 9 12 10 7
14 577 141 18 5 9 13
15 1162 363 18 10 20 9 23
16 59 272 12
17 836 442 10
18 789 480 22
19 701 251 11 2 10
20 238 342 16 6
21 933 336 23 3 10 13
22 78 523 6 1 2
23 17 221 18 21
24 205 397 18 4 11 23 20
23 10062
0 74 371 21
1 23 374 16 4 11
2 638 128 7 17
3 42 136 16 13 3
4 464 348 0 2 21 14 3
5 118 355 19
6 933 527 4 11
7 674 80 15
8 638 124 20 9
9 1140 547 11 15 21 18 9
10 558 254 15 0 14 16
11 253 375 8 14 6 19
12 478 460 22 8
13 766 542 9 12 4
14 1054 190 2 8
15 956 379 4 22 7
16 407 177 6
17 213 261 13 5 20
18 247 59 10 1 16 8
19 190 222 16 9 4 19
20 626 363 8 3 9 10 16
21 589 134 10 12 15 2
22 791 422 9
