5
5
-1000 -1000 570 462 551
25
 -986 -423 590 -666 -661 -300 175 921 375 824 37 448 707 -415 -639 593 872 519 750 343 -533 -287 -411 729 991
100
 78 -21 -17 148 174 930 943 347 34 402 721 329 408 -442 -826 261 -248 669 -900 434 -891 828 466 -559 -368 287 -805 -69 -330 827 -455 625 558 -496 923 99 803 -689 -367 70 -634 524 -592 -564 549 -577 -729 -741 -425 -975 -133 -572 414 687 924 25 -400 883 -823 595 181 525 -6 478 656 -969 629 614 19 547 -949 351 621 3 -246 406 355 -791 -422 -405 -663 279 -182 -801 -77 -59 332 628 368 -225 -487 -665 962 -957 -183 -329 258 -113 -705 281
500
 -342 522 -820 -779 982 -10 -123 872 403 -841 -369 623 337 -840 -126 -298 506 -126 -671 -414 983 20 15 521 -150 -271 -531 -314 -398 614 -793 843 857 647 -109 498 472 -184 -994 139 400 -31 -510 -484 -136 68 -438 -389 871 687 177 160 -777 937 -721 632 -923 -125 -619 -682 155 -948 4 -794 565 885 -260 -438 -638 756 -427 -128 -102 471 -806 649 415 135 848 328 596 -448 -568 -82 731 -42 499 -526 -820 -153 -74 -129 162 -666 -317 250 -205 196 199 191 -549 -398 97 -983 141 286 540 -207 362 -501 -283 552 976 -57 -659 -657 769 913 -896 -975 -161 -637 321 184 -685 927 -270 576 -676 -163 501 699 106 11 789 11 223 -147 -866 -291 218 -392 156 654 695 -734 -193 -463 454 -367 89 -913 -424 -55 27 -834 -500 -727 -148 -29 432 749 287 -783 -610 -804 672 870 -128 -536 183 65 657 897 -977 -596 -788 -19 -688 -351 -60 -876 -848 645 480 255 -891 -468 262 244 -161 737 -938 -841 656 701 265 959 -390 723 905 -723 -586 -317 234 -554 -47 -780 456 135 -323 -743 438 -627 776 -134 -960 444 957 -516 -370 401 680 -3 431 139 612 670 -433 -208 557 -967 158 -857 -918 -279 381 585 -150 639 496 865 513 647 -318 -686 -145 -321 -217 -576 -980 -802 -718 563 -956 175 399 -756 719 -55 597 669 566 -330 908 190 190 -71 49 112 -647 -919 833 -132 -644 -880 433 658 440 513 -212 -975 -721 730 214 571 530 -863 -868 650 -884 838 -980 348 380 387 -487 -407 -470 -21 429 -571 216 71 875 -29 -752 -690 -941 737 -91 87 365 -548 80 -579 -919 563 754 785 6 -574 -317 -428 -744 284 214 -622 17 -189 783 -422 750 994 169 217 939 769 28 -184 -296 -293 -511 -176 304 120 -684 -866 558 -500 273 -634 553 66 -136 -645 862 -373 680 408 -533 812 -926 363 -772 836 -311 310 81 910 989 -481 245 851 464 -960 -865 427 -318 350 -414 224 281 -630 134 935 -719 -26 60 858 -607 -633 -710 446 327 -27 247 957 57 619 27 564 -235 793 352 273 -400 636 -524 500 420 -272 -39 -689 161 924 789 -161 -733 568 -312 -940 276 -647 629 -341 228 -58 -288 -89 452 -326 104 -660 -632 -651 -453 -586 -129 748 -659 13 928 994 -583 300 -15 -301 68 674 -858 260 -926 -478 154 477 -536 -73 952 841 482 882 374 583 339 867 863 -971 77 722 393 -473 -42 -584 -554 539 -637 666 360 303 -576 -149 -102 -213 -295 360 -519 247 730 200 875 599 -345 -885 -617 -559 -858 542 840 635
999
 -820 -685 588 808 -151 332 281 -892 780 -583 -624 -906 -240 -16 -66 97 -17 585 -284 147 -78 -666 379 504 270 4 -241 643 575 408 207 273 -235 -45 139 -790 614 -280 42 998 98 467 649 -136 -467 -402 800 161 -505 266 -738 7 -989 176 654 -571 -40 834 945 166 74 -538 213 -819 660 784 -210 -597 -663 -621 -703 -568 737 -485 -996 -249 334 -734 853 -957 -147 643 90 612 71 395 686 -140 -628 401 -147 404 646 -275 329 380 984 -994 965 969 983 581 -49 -852 -137 -408 -757 219 -89 154 180 164 803 322 -621 -138 -425 -211 525 34 -556 -330 111 176 285 444 -196 -461 -764 246 -832 876 436 -699 424 264 -917 -719 432 248 659 -805 330 815 -690 989 -186 -920 141 578 -84 -426 -295 -854 439 330 477 361 -358 -909 733 25 -494 19 309 -48 990 -432 749 -827 -618 478 -159 61 -848 973 57 -530 -464 696 -582 328 273 381 -889 -490 399 852 -273 -311 -997 627 -429 -494 61 199 714 -237 -79 -838 -650 -610 503 -629 -697 664 165 394 -366 191 -110 253 -562 -608 -30 -579 250 239 -382 -426 -795 629 117 348 451 238 940 265 -918 -903 471 715 -858 -13 -973 -705 -83 276 540 222 -549 -634 -274 188 -717 -274 187 -693 -915 -156 -986 -494 -348 -148 -537 -378 492 699 -953 641 230 970 -133 -738 637 -867 -160 -396 738 -682 -642 528 -111 -89 -672 -701 161 429 -777 -158 -139 -806 -977 -573 986 631 269 456 564 -721 -275 -31 971 238 -413 199 -89 -568 -678 165 -476 -988 550 -927 -271 977 -372 -962 -565 338 745 -762 -846 -884 -20 -752 700 -540 -189 39 -746 232 -67 373 236 327 708 -840 97 -407 956 323 87 -667 -330 -985 -116 36 -697 659 633 760 -460 -120 604 22 659 919 -845 -289 252 -888 -564 -532 -388 -455 -105 -420 -224 309 -153 -853 195 264 214 8 -131 722 517 11 -881 -762 -333 -645 -560 744 286 -404 695 -855 -382 147 714 -195 684 923 -774 -298 -636 -654 -909 31 -837 -79 -84 501 -476 -513 -569 141 -378 -660 647 245 -378 -71 779 -308 -698 -540 -596 -560 -145 381 466 367 359 702 91 -566 -713 826 -50 -269 232 203 -661 296 -72 -70 11 515 887 -249 581 322 -921 -203 -617 -62 962 -650 703 931 -346 690 -860 -258 455 -989 -48 302 -111 -191 595 -396 412 -439 423 -838 -687 742 491 -943 -377 -108 4 196 217 -584 420 -5 -850 -227 19 -770 752 -211 -388 10 955 152 77 106 -609 452 -556 601 -455 -170 510 -241 -220 766 847 -853 -505 -174 -280 -710 940 220 236 700 -609 -424 -601 -879 -475 -54 -600 -268 -258 450 494 477 -628 134 386 -695 -783 -804 383 -42 862 -429 441 -707 672 984 -747 259 137 859 727 -927 -15 -509 274 -20 -502 293 -520 319 -914 -889 870 114 624 308 633 -234 -965 -472 829 -326 393 -417 -448 854 -142 -944 542 -407 -508 -768 120 656 764 995 -591 -450 514 838 45 -187 -495 398 1000 712 -113 638 -629 -549 -3 478 -352 -351 -428 666 -604 672 197 -343 -29 384 -130 -406 296 994 -480 -972 -686 -855 -151 -30 126 681 232 -373 722 893 32 756 503 772 9 -209 -661 31 996 -306 -256 521 -638 854 -73 647 -558 -971 427 -775 -922 152 41 -691 216 -475 132 -21 -682 -69 285 901 146 -437 -753 451 -965 701 -203 -551 -954 933 395 -140 487 185 118 777 327 335 -347 402 -428 -967 -882 885 862 -5 891 -64 601 850 -23 396 452 -262 225 -970 -851 -836 -112 -144 -225 -632 855 737 -323 960 -855 343 651 -166 -111 -353 754 -838 -357 321 616 851 -142 -863 349 -571 947 933 799 -881 -588 851 -184 845 -224 -783 450 -409 120 -544 -934 738 665 52 -647 -108 -923 -587 -616 -765 769 888 -73 783 197 799 -498 861 -706 -454 -169 -500 -446 -712 145 -34 504 -688 -641 -224 951 -437 479 -975 250 -314 679 926 96 293 -246 150 -463 -309 991 -825 712 -864 584 753 242 900 943 -436 -391 180 443 631 -445 -863 -843 -742 -597 -978 -105 678 619 402 -591 -934 407 364 3 -646 -643 457 -305 -222 -482 -602 104 -537 -725 -651 -266 168 -670 -200 -245 258 806 -19 -753 982 621 828 518 -573 -339 285 -103 907 511 -49 2 -221 779 862 -99 -374 -42 304 -638 -96 -911 654 -109 574 -633 620 -95 -925 824 -437 517 -692 -798 -365 615 168 527 -814 -689 405 -967 148 340 -486 -5 993 814 479 910 -661 -97 310 171 -312 -209 229 -606 520 -868 -555 -30 47 579 -235 441 -828 707 68 649 515 366 -4 -974 115 -87 331 393 -93 687 -273 -785 848 -573 -225 580 -286 -221 -920 27 582 631 187 -182 -167 811 998 991 -329 -322 -292 588 395 -539 -418 -26 943 563 312 859 -21 -201 -344 519 -394 167 767 891 -809 -344 -296 -902 -801 563 -418 764 726 -782 -618 -536 -487 247 570 -885 -519 -404 559 -460 -605 918 -729 535 785 182 -371 847 102 662 439 530 225 213 195 -203 -27 -408 954 463 514 -40 -264 134 194 -687 220 746 620 218 670 -293 696 -911 403 -234 603 -664 -853 213 -50 466 -268 306 -236 941 613 -227
