5
4
6 5
9 4 2
5 1 8 5
8 10 3 10 3
10
35
82 18
86 60 13
80 20 45 88
25 31 26 59 20
87 7 77 42 45 55
91 56 8 42 91 93 75
64 95 80 90 63 89 25 48
72 97 98 100 4 12 88 46 93
71 46 49 10 13 90 13 77 53 13
20
91
227 420
409 12 295
485 162 94 31
404 263 280 395 316
176 441 309 321 341 238
161 293 35 393 67 238 164
351 340 380 416 365 378 223 418
469 407 454 427 46 312 450 352 338
331 235 448 368 228 216 149 47 111 116
140 235 93 76 229 297 42 113 468 234 131
22 387 187 409 166 334 378 84 497 224 347 42
269 17 191 240 26 153 135 25 280 58 157 126 264
309 186 485 278 187 17 275 213 379 386 6 491 183 24
424 371 197 139 47 266 340 319 98 157 488 372 472 258 309
312 268 140 107 369 379 347 457 57 79 313 277 12 465 415 46
488 182 286 9 10 430 380 25 490 408 335 133 301 28 187 77 427
431 264 500 162 379 42 176 140 498 173 290 155 331 383 440 21 479 178
25 92 64 91 302 211 347 441 53 224 21 147 32 435 299 399 282 21 211
430 424 215 242 491 307 47 245 120 465 489 162 355 49 38 308 442 450 268 11
30
582
817 399
581 73 890
557 753 270 484
889 379 559 294 1000
333 516 786 6 150 295
35 834 812 56 667 878 102
224 372 24 184 933 849 430 912
873 374 570 365 176 137 736 750 820
869 876 367 302 987 259 756 310 295 565
569 465 877 202 468 66 318 721 692 236 338
135 44 387 391 658 852 45 489 713 424 402 863
324 744 69 668 703 843 592 384 675 987 609 383 767
820 516 422 878 428 590 539 319 369 370 285 226 153 11
549 202 211 432 770 772 873 975 756 736 245 424 218 519 518
898 921 362 976 504 140 52 906 841 997 295 199 284 218 151 484
641 644 480 605 504 822 945 972 87 443 361 431 68 724 441 940 368
784 931 76 125 83 131 344 798 694 7 6 102 289 361 118 15 686 822
383 664 364 416 384 920 620 570 982 994 460 713 775 470 510 24 170 679 554
920 979 594 167 146 367 329 712 65 324 838 674 578 933 917 962 796 850 171 290
2 520 209 188 781 209 207 24 665 15 360 742 438 933 210 228 376 804 749 522 188
462 391 198 956 60 218 749 802 717 402 507 725 828 951 356 214 412 714 272 738 796 361
630 696 575 611 968 413 861 399 277 789 45 1 553 216 368 153 620 943 644 608 20 906 139
534 137 753 817 494 244 671 53 930 262 828 876 881 4 450 313 796 862 803 547 887 764 167 2
165 442 189 629 697 765 678 58 94 62 251 933 232 461 838 368 227 648 841 7 459 377 590 808 681
51 723 557 75 219 438 104 806 327 397 353 455 393 58 816 298 290 944 508 388 674 766 122 218 552 708
539 594 355 126 427 704 486 170 301 680 391 32 38 917 814 618 92 904 537 905 657 245 187 343 588 6 381
521 909 440 463 66 944 625 519 355 221 109 767 85 944 50 18 165 531 509 17 154 86 411 138 380 197 194 923
298 373 296 520 738 984 949 485 557 20 487 873 704 964 726 95 991 902 309 905 87 536 839 899 876 257 541 627 261
846 972 55 143 65 535 44 761 136 865 728 282 761 686 633 293 939 754 628 464 815 364 230 965 538 169 387 318 322 526
40
1038
5162 1101
8257 7278 1419
3262 4542 1419 9980
3468 1111 2966 8630 3896
7122 8250 6618 2785 3399 1778
4152 1918 9892 9007 1543 6023 9444
1164 3170 624 4910 9735 3338 1028 5682
1470 6684 3026 9992 2618 5337 998 556 8465
182 4465 5566 560 4902 3385 4392 9680 8553 7968
3842 8869 7916 3913 45 4666 2411 4525 8590 7468 1574
7657 8661 9035 9208 5454 1759 8831 1064 5045 348 4730 3151
5842 567 3107 2773 9735 4969 5199 4709 7633 7337 1041 9238 8977
3510 9615 2890 5659 8427 2377 1353 6529 5580 4143 6873 5900 6130 9460
5178 8089 6387 8196 5061 7468 2839 6700 9627 5581 4100 3913 9116 8381 1167
4978 9083 8114 7452 6664 1002 8427 2852 1242 6752 2302 2884 5646 7799 9346 7111
1613 4693 6613 3284 1989 4941 2261 5781 2839 8822 2834 1628 9454 2184 7629 4548 9481
42 5269 8625 5790 1928 4136 7823 2488 3154 9923 6872 3006 7512 180 8223 1767 3017 4983
6 6921 7974 8521 4163 3026 3245 672 2970 2133 9255 1360 911 564 6296 6110 1074 2369 6385
9484 135 239 1958 4264 8051 6489 4565 7909 2658 3555 9152 8946 6925 2924 4541 5136 9526 523 6525
1191 4367 3221 6986 6548 1662 8789 7805 9871 8015 8511 5098 810 494 464 8152 133 570 6550 3401 8635
2766 7555 7423 6408 4843 5180 1928 4052 2281 6313 1559 6977 8994 3714 6078 9446 4629 1471 5685 5490 9900 1943
3724 2963 6426 353 9581 1367 8444 869 3595 1214 4485 6551 3102 5354 2154 3049 2039 3303 7315 5267 774 536 4974
6836 2240 5565 1723 2008 6893 1809 2253 1668 8781 9518 3455 2670 2949 3593 9698 8044 432 5085 4756 777 7105 4725 1528
7707 2352 994 8322 5897 6082 6344 5044 2987 5246 609 7409 6453 8834 6968 3614 8789 3689 8277 9037 1129 9685 1772 8595 2794
6912 8493 898 735 9982 1856 8147 3881 5171 2673 4012 193 4073 9437 5098 6256 2895 5996 6994 4009 3402 6825 8354 1557 4820 7024
9569 7750 1647 7782 8124 1325 1225 3414 5833 7302 207 2074 300 3681 6374 3300 2068 5770 7432 8454 9540 347 2620 960 6378 7019 2233
4878 1083 1048 4052 8301 422 2578 5367 6607 8198 3662 8398 820 4126 4133 6426 9530 2415 2749 1814 8869 5031 2862 5239 1490 5483 6086 2661
6633 192 1734 7010 8938 3105 2193 6147 6231 5765 6327 8194 30 2015 2031 9171 4971 5835 1233 6091 1577 3015 1477 3688 8402 3724 4181 5091 8017
7038 2635 5359 4762 2677 8396 8426 1183 2837 6929 6481 6698 2027 9801 4486 9578 1620 799 1843 1947 4806 4868 6225 1895 413 9096 8986 9304 5040 2036
8565 3880 4829 7091 6518 9364 2290 8351 6270 1384 1848 8655 1444 7176 8101 2178 3821 7908 5271 3594 9445 3680 4576 3122 7418 9911 9710 5538 1086 5918 3855
776 3581 4812 8638 9392 2581 5326 8809 3430 7795 1312 9373 89 6249 6918 4758 5526 7512 109 1881 3386 5092 6706 2545 4185 4393 1246 729 6935 4117 347 6165
6888 9534 9741 5497 6469 5562 2916 1863 901 7330 2717 592 8986 3971 634 910 6960 3946 8267 6164 657 4517 5258 4398 9918 6367 7055 7399 3669 9608 1445 2071 153
337 3264 3924 4710 6306 7048 6810 4781 305 7959 8022 5882 3086 9472 202 7711 9510 4469 7452 6217 4396 2596 2909 596 1502 9313 274 3903 6494 3300 5689 5955 6687 9994
5191 6183 8864 9474 8451 4978 1663 1632 5301 5080 8540 1503 3644 95 9305 4528 7446 7044 9416 3715 2888 5939 3602 9236 3927 651 6690 412 5281 1702 4033 2289 6760 6616 4923
1110 2079 6118 193 7066 1264 5705 1145 4755 5224 5766 8368 4873 7440 9949 7155 4252 6906 5053 6023 7064 2941 5377 3009 8436 5122 439 8224 1856 6573 9728 5891 9513 6374 1662 9717
7723 2318 6466 54 988 60 6311 8264 9822 1158 1865 8947 9816 8870 3642 1560 1634 7021 4829 2901 5855 1244 8093 9386 8723 3017 8621 3086 9273 8803 3447 6040 6472 7891 4412 9073 5721
3635 5385 7306 8293 7538 4753 1870 8660 7873 5965 109 2991 9265 6068 7819 7628 7967 1614 4301 3176 5073 6017 1775 7377 7699 8954 7817 7734 7315 2902 6209 5688 4314 4846 7127 2445 3191 9281
640 539 6494 162 3126 5328 6429 1445 4492 8221 6643 1673 1943 8551 5536 4422 5646 3525 2280 9628 5987 317 6839 8668 8197 5126 5337 6666 9392 192 4378 6636 7855 5031 5293 2183 2448 5739 5968
5145 6606 4488 2045 4790 8835 2238 536 8875 1419 71 3124 7707 3786 4084 1903 5376 3536 7693 8621 2203 8956 847 4149 3167 5687 1138 5229 2552 5367 4007 1036 2274 9069 5906 2335 4104 5676 4682 1889
50
5073
7760 525
9253 4634 485
982 7991 6446 3937
8374 995 838 3840 3831
2343 8944 5263 9691 6459 5999
5409 9522 1089 2219 8914 1518 9893
2950 8904 1521 9452 3648 9673 5490 6553
5424 7841 7686 6803 8806 4109 3375 2648 4949
8907 9664 1433 7883 5746 3802 9216 9573 4626 2661
7645 8548 661 3328 4560 8688 8447 6329 1416 8238 4898
8895 5701 1940 3873 6003 9370 4712 2894 7076 2124 1810 5831
8379 7971 9094 3243 4233 6533 3196 4743 7217 8416 61 2493 6270
1831 3493 6 8478 1669 8663 4803 5072 4006 4354 4064 7961 1623 1498
1027 9386 8372 8725 3640 925 9406 4484 2267 2815 1002 976 7464 3633 9580
2631 3221 6084 198 8639 9901 5757 1855 2625 7915 7424 8768 6056 6118 5887 8922
9147 4606 4027 8201 7645 861 5010 7419 2684 478 7387 7729 2482 6273 195 450 1309
2990 5245 3799 7235 1140 7720 3865 9456 9743 5341 7075 9196 4747 3986 3796 5362 4746 1113
2388 89 8017 7741 4819 2129 5393 9199 411 1764 4399 3132 371 5858 4574 2649 911 1837 3897
2910 2681 7973 6945 7801 8427 8464 3679 4010 5183 5187 1039 4801 4317 6796 9969 9150 2397 221 6216
8015 2514 5052 8448 6623 8129 3241 102 9088 1140 6951 3497 3491 4374 9711 8053 4915 6284 5683 6671 8407
978 7084 2343 7889 5553 8568 1062 7723 8832 6478 1540 311 1936 4882 9941 4591 6522 6775 6399 4710 8090 1395
9121 2571 3377 5427 7295 375 3926 3376 9235 7612 1738 1608 8276 1977 9807 3087 2470 1653 6705 8973 4760 7415 4312
5488 6172 6021 3826 8241 3953 932 8003 541 6098 3258 1486 8619 7797 50 1696 2574 4200 3673 4144 995 9127 5309 2820
7031 3884 9556 9211 2897 7361 9547 9175 3479 1089 6796 2133 3297 773 5564 4003 5574 8597 373 3872 636 7429 2849 4256 1394
3428 4364 942 9949 5628 1154 5218 972 4397 2169 2718 9169 5226 365 1186 2715 604 8477 5136 4956 5004 5884 4749 3085 1811 5295
9198 8421 7506 1317 6567 3522 6856 1118 9967 1882 717 9365 2574 9835 6621 8388 178 5451 9359 6231 4114 4499 4545 5603 2732 9461 4589
3057 2155 7678 7479 9139 5434 8681 1522 8066 9213 9515 2763 8897 5828 1854 9806 3339 1144 3002 3915 735 607 3313 7008 1794 8397 6695 8409
6960 6395 993 3331 7188 4313 7397 3149 1314 7260 8830 2652 9322 8988 3251 3020 6157 2396 9259 3891 7273 2182 236 5262 5216 4082 206 5903 9166
3408 6292 7424 4068 508 7515 2753 4182 6128 6969 4231 5083 4355 8792 6100 7087 1303 5555 6573 7418 8043 1433 6288 5263 4879 1043 1456 207 6452 5090
6906 1088 9176 9161 996 2569 8934 5091 5480 2018 4424 5880 7368 982 3068 4726 856 4433 6269 7565 5802 1275 9062 2348 2130 2107 3082 9550 725 9230 8190
3889 4629 7361 2202 2506 8367 6134 8517 1129 7503 5029 951 5689 6508 2708 7435 2720 3321 429 9696 415 8169 4400 8033 866 1107 3868 8309 1024 8457 7673 5523
5079 1898 1609 3470 9715 2007 6086 3291 5804 3410 1301 6810 6950 3924 1 9461 8991 5787 5006 8863 1694 5496 1505 3202 8651 8362 3994 7082 63 4914 1071 8379 2556
9333 3378 350 8653 1249 2130 9994 7675 5515 9755 2151 1360 382 9612 8053 587 8557 3375 6222 5270 5435 9977 4677 2601 2180 9780 8299 9223 4933 9485 5417 9886 2943 7481
1563 5145 8952 71 4005 3566 238 6450 2255 7078 3419 3163 7502 4073 7103 4730 3023 8750 7567 7477 1679 6522 1498 6010 8323 2096 5060 1713 4114 643 9326 3143 5754 7203 3804
7023 3205 8769 1819 7501 6364 3712 5985 2686 1457 836 6552 1674 7360 3523 6057 7301 9160 5073 5303 5871 6766 2332 6250 9409 6947 5103 494 92 5588 949 5463 3732 6138 9932 5955
7867 8171 2911 3732 6488 4523 8412 3908 3755 7751 4734 9504 4070 8763 2216 6610 7204 4840 1218 1418 405 5283 1927 6742 8899 7145 1491 8705 7091 4997 19 2319 427 7940 9231 2412 2630
4209 1639 4582 3641 427 2987 1475 8875 692 2748 8704 5094 7668 1889 223 4712 6741 9934 1868 5842 3212 4924 5689 3278 3608 840 2684 1078 4186 8601 3447 3150 5435 2491 7278 5606 4420 8248
572 1081 6361 3171 2089 8501 6291 2218 7616 5426 4043 8921 2628 3942 6651 1286 4904 7056 349 994 2647 4999 1987 609 2788 3789 5799 8467 6495 7077 8142 8522 7808 2879 7618 1390 1287 395 2140
1738 8029 9708 2988 8246 2046 4125 2347 236 2983 4002 7929 9757 6748 5489 1340 5300 574 5097 4101 130 8767 9634 3092 6432 838 5154 911 2926 347 1158 9992 1361 1556 9079 1158 4331 9878 8354 7349
9071 1808 4466 1265 4807 6808 5294 3234 3948 6897 8206 3093 6885 4645 1504 3402 6284 1525 8167 6293 353 868 636 1198 3406 2033 4463 6136 7668 7566 9478 4595 9597 863 7694 9312 5624 4204 3891 5939 578
8103 7733 9474 5153 6314 506 3705 2798 8145 4449 2659 2345 1025 539 7425 9200 7728 6093 4576 6938 7507 5672 3651 6966 8665 4862 2141 9166 4797 3185 8693 2100 4233 89 1069 1495 8985 1712 7492 5455 2887 2749
5833 4619 4803 2482 1707 182 5584 7303 8988 2466 3541 9154 3891 2160 4462 3997 8446 7410 8684 2522 216 4768 9421 6183 723 1144 9973 6606 1309 7600 2761 8067 4576 822 56 9947 1755 9787 5104 8161 8881 487 9680
5679 7984 7687 5510 8390 75 6617 7871 9712 1894 5200 6535 7760 6299 8655 5089 3048 8274 3264 5146 6994 2120 3720 300 7447 5137 5843 3835 6894 1456 2504 6433 4679 1610 8977 1143 2445 7823 7939 4113 8417 9601 2166 9282
603 8694 4107 8915 3263 3158 2722 9466 3586 4562 8144 3974 7562 945 7486 7440 1993 4562 7824 5455 4967 2234 6045 3580 8468 8429 1898 2012 3417 4749 8142 6115 7579 342 6279 8675 6552 8335 8026 6424 482 4549 3613 74 6224
767 724 288 7619 4847 6649 1646 4621 8084 9579 7053 1385 8666 4457 9593 2789 3216 7625 212 8541 8299 6912 7166 7290 8724 7913 78 4785 3814 9176 3193 7467 3971 4447 6385 4335 9423 6656 2521 9022 6713 5586 6218 9628 8516 2476
4203 4788 7461 9266 7214 138 4750 8092 9902 7209 6849 7943 2695 5541 8988 3159 6944 9601 8105 1915 565 9095 6676 6379 9871 6249 312 79 293 4943 2138 1050 6398 4465 3279 1247 9261 4672 8328 152 356 241 7159 8244 9940 2120 3748
7482 6123 5752 90 8550 6604 2266 5491 8258 2078 2119 59 2857 8578 7153 6214 5853 2115 2614 1365 9850 4072 7211 8392 5199 5046 3077 9516 5787 1373 8902 9361 7116 5548 6467 7362 7056 8813 6599 4211 9382 5326 7291 3937 4851 6757 6508 6513
6423 7137 449 6888 6383 8249 2536 8109 8502 2203 8235 6196 6427 8612 2858 2625 5623 4810 7276 7387 3555 7634 8757 4868 6647 6576 3904 9882 9598 3215 7311 6026 7814 8322 8166 9429 6878 3991 5413 5568 6446 7590 4765 3679 6650 4708 1285 8618 9369
2874 3668 2973 7660 4394 5659 5592 3862 9453 8758 8920 3694 9310 4593 4091 8688 6075 548 5871 4256 4080 4142 5102 7015 8881 8002 1195 5532 4045 6573 7344 6173 3962 1337 6615 3639 2072 3963 2082 9140 7764 8383 3302 6904 3625 7958 2882 2304 6219 4432
60
2301
5109 6229
6591 3060 5573
1158 562 844 185
2487 6361 7865 6008 2132
5061 7311 2179 7757 6907 5917
791 9417 5129 9518 1705 267 64
2920 9303 3321 9815 4049 6741 9789 3438
2046 3496 9414 8440 3027 2209 8006 9051 5948
2240 3282 3209 5012 7527 2865 181 2758 2755 8039
3605 3750 8504 507 8172 4988 9817 3231 9865 4854 5016
9156 5333 3911 3605 9901 1647 5605 4005 1595 4086 7121 3975
5138 59 966 9972 6749 1596 8323 582 6696 9091 3277 8744 1375
2676 4219 240 8192 3345 8233 5210 9177 9288 3064 6358 9798 1288 6046
1165 1153 7960 607 7962 2773 3389 6170 8026 61 5253 9897 5413 8211 7581
3671 3802 2460 4936 4219 2832 7621 6328 3002 4469 4604 9287 737 4585 5308 559
4633 3454 1417 6864 1064 5597 6668 9647 4560 2344 9947 9504 8175 7003 4789 254 7689
619 5414 7397 2744 886 6046 7428 301 4120 1299 508 148 6535 1572 1525 3885 3235 8370
9376 5541 2969 9117 5885 4682 6029 2750 2905 7657 9620 3279 1586 1905 467 5692 5863 682 8989
8192 9612 3619 5664 3360 5269 1691 6782 5432 850 8869 2925 5485 1313 2976 3582 3820 5235 897 6510
8933 114 1058 2347 4330 8032 3885 2669 9191 3640 5350 3675 8177 5478 9838 515 7117 2667 4260 934 9307
8630 166 4632 5615 121 4196 9475 4848 2614 8257 8066 4084 1019 1440 3949 6707 5307 8830 4782 6086 8642 3686
8168 9881 5479 5298 9278 2852 5041 7758 5394 5648 2458 2383 8227 4546 9200 35 5003 6333 2217 8479 8137 2730 3053
1139 6047 927 7132 6145 9601 5148 4603 6910 8681 8603 6099 8837 4946 1945 8565 2198 2485 1814 2572 440 3121 1588 2583
6302 1839 782 9734 850 1843 7380 6668 4602 3034 8475 9371 8231 9783 4629 6126 1355 5441 4591 5387 5324 3083 8087 2973 2627
1182 7249 8436 6779 2686 9863 1063 9186 6319 2307 224 4538 1066 2731 3327 3694 583 1003 2379 2443 5368 8590 3512 9578 3945 8806
8713 3146 2005 145 239 7656 3549 8740 6733 7193 5125 9386 1852 217 3901 5729 6666 3384 7983 6829 6879 6903 2085 4588 5627 144 6662
5059 1742 6982 4950 3080 6173 834 2446 4692 25 1468 9902 8088 9919 2572 4510 9845 9586 8122 6137 769 903 215 7882 5849 8540 4641 4631
9951 8981 8212 576 1788 6197 3019 3480 8651 8456 7750 1489 1485 5837 6227 7205 9647 2186 8221 6484 18 6245 9055 5980 2479 7992 5379 1635 3544
504 300 9076 54 9314 8269 2591 2393 5302 3001 6784 1791 1135 173 6850 2553 5967 4254 4357 5983 5362 685 7609 7228 4993 9330 5079 6200 8311 5345
2120 8125 3030 3170 3849 5486 9708 6483 9201 1984 1026 1660 1919 2568 8124 1682 6484 9653 3985 9283 1617 998 2839 5917 629 8405 4509 5489 4248 4609 3658
7650 8738 4859 865 4809 1184 51 9554 7100 540 732 9131 4522 6527 7693 659 3934 7427 4332 1948 1497 7360 4014 9341 8752 1937 2695 4373 7401 7929 8075 8633
6173 5601 6374 7119 2853 810 622 7704 644 2627 1627 7055 780 4804 8577 6843 3157 5448 2209 4834 9253 6091 7585 2057 3261 7958 9357 4452 2637 9700 6960 2696 3396
5071 8928 1679 6725 474 8925 10000 9802 9330 5380 3266 1366 8407 8077 2875 2723 4524 1041 1238 7783 8078 6423 3362 205 5993 3236 4719 7832 5496 4786 8823 7219 6489 4553
3390 3044 646 1278 8260 7354 9098 9575 5983 5594 6781 8138 7859 2526 8259 7268 8214 8656 4276 7216 8900 9906 5650 535 2381 4899 3756 5295 98 8337 4478 5638 8761 6402 1097
9024 5000 5431 9661 7849 2444 1200 5504 7219 1714 6539 2558 5656 9296 4194 5908 7199 2422 7442 2374 7646 8179 1896 9031 9105 760 6293 8310 7575 4447 467 1497 6919 3761 6548 216
5794 6477 8420 7592 888 5364 634 3882 6172 3943 4841 2679 9285 9595 8534 2650 9307 4201 9788 1314 7692 5973 8806 7168 7581 5718 5787 8659 2616 3411 8006 1154 5944 9438 8545 895 9616
4127 4101 8944 6837 197 9386 9159 9400 4406 1798 7580 8047 1308 2734 1605 2191 9219 4590 651 516 5182 2426 2632 2187 1794 6890 1307 5212 9871 4619 2508 9849 8873 8607 7587 6676 8862 6151
3600 7891 4984 9037 530 5957 9263 8107 3927 1190 7963 9990 4823 8443 5190 4236 5228 6422 2616 4628 8328 5474 1023 2703 8649 1990 898 6449 1801 585 965 6572 1041 2075 7478 5838 7464 4308 5807
8283 4438 5884 9013 1552 5156 4717 4337 9513 46 3335 4126 3044 6200 6613 9972 3051 5475 6479 485 7201 1157 9746 3517 2691 5853 8908 8186 8684 3978 3420 51 7360 4628 7241 1134 7242 3616 6374 7717
7394 7723 2852 3505 4607 2986 6611 3328 3438 1457 7269 5088 8456 5988 6708 7608 1649 5362 1836 8171 1582 4752 5916 6960 6781 8906 4809 3868 4826 9993 7442 829 2832 5234 7619 3612 2250 2910 8981 2433 9117
7863 258 6759 6561 7358 3214 7658 8671 6669 7289 2704 6690 9081 4625 3132 5942 3227 6195 4154 451 433 4997 7871 5212 213 9021 4131 9182 5113 3248 9235 3232 3795 8543 1644 4993 4444 613 7338 1673 2376 3176
5493 1165 6130 8454 7241 799 1202 9551 9852 6695 7807 5999 9356 7765 6565 8390 512 1675 5390 8451 4597 4451 4684 3327 9859 8379 5635 4416 7998 7314 8252 9182 6745 3604 4874 6631 1235 2792 9598 3316 9759 6962 65
1956 2898 8251 868 8179 6857 7192 8354 262 2195 1318 4837 9971 2334 8175 4953 8886 8429 6914 9841 6674 9456 4535 5389 1463 6039 9260 2762 40 8871 6871 231 6062 7849 3427 5345 6891 7100 1239 8931 6668 2234 5926 4470
3312 4690 5879 4065 2417 5716 229 3649 449 7835 6840 9532 8074 5098 945 9629 1009 9942 7659 1481 8554 5529 3859 108 2055 1517 7430 1042 1088 7943 1285 7939 3204 1765 6585 8518 5738 9151 1481 1293 1764 7602 7093 2797 32
1793 9196 6499 8133 65 6908 5000 3040 1033 7825 9738 4857 7655 9381 6135 7033 2156 5229 2781 6301 2882 1992 690 7353 1606 7742 458 3720 7360 923 9591 8673 5200 5259 1168 5660 3513 2838 8260 951 1506 213 9533 4077 1372 552
5036 1036 458 3225 4009 2993 5816 86 4942 3934 2914 4784 7278 3711 272 9957 538 8863 1232 6146 7080 4866 7206 9816 9588 4375 3656 9447 8264 3423 8099 5004 3921 4206 1769 2651 5361 7916 773 9802 9835 5022 6044 6061 8858 7768 860
2701 5441 5486 9728 7142 9160 7623 9582 8093 8718 5730 9775 7769 9676 674 5099 454 7925 5558 9361 4401 4634 6206 6219 734 414 3095 364 9541 659 8119 575 4863 5952 5173 3901 5354 6687 7485 6276 4935 9310 5118 7248 336 2904 2065 5255
6719 1434 1207 9964 2860 6030 2165 6053 5926 526 1604 7918 4742 5425 5359 3548 4811 9377 6669 7035 3378 5970 5453 1073 5214 4225 2099 7567 9304 4029 6366 5742 1662 2310 2328 9233 8126 7319 1008 4255 9837 4343 860 9625 6015 4625 8569 4224 3087
4002 8052 7891 3010 2885 4682 150 1895 5231 4565 4083 1935 6539 2569 3260 3198 1149 7034 7704 4858 1928 1552 9076 3025 1592 1378 7832 5801 4538 4501 5555 4624 3286 2864 2919 4050 6457 8738 4492 4424 7694 5532 5028 1632 9435 4616 3525 9933 2734 4392
1490 8721 8411 8120 1395 9272 9992 7531 9852 4880 5015 7642 5112 7481 4929 7365 5159 4583 5469 2795 504 8429 1990 2797 169 8113 5487 6584 1674 4297 8702 9593 4254 9659 569 3973 4493 296 1200 3557 7268 3878 5667 6568 5972 1358 2561 7297 7889 2126 4687
1505 2275 8523 5361 3371 1156 3178 6921 7620 495 8807 7614 9163 2338 964 761 8866 5723 1803 8591 8598 187 344 3739 4602 155 2220 5302 4906 2499 6864 7752 6693 3542 7214 6831 9350 891 9942 9709 7695 7233 5296 2124 7806 919 4753 1791 4714 2109 2259 2487
4541 1258 1225 70 7061 2877 5532 1567 2255 5134 3834 9282 1508 8412 69 56 8272 9349 2839 4551 9320 2335 3219 4493 8287 4594 6977 6076 5861 3085 2695 8169 8589 6687 7172 7547 4824 3481 3797 5072 2398 1938 4404 4680 2522 6513 3918 447 6059 3474 4208 8811 2720
5924 1786 871 2129 942 2424 7490 1710 4235 6535 9934 236 6034 841 6383 7033 2099 1564 3034 3298 6220 8861 5800 6355 6213 8915 965 1534 2402 4356 2589 9707 1718 4193 4560 295 282 9101 7011 4232 7785 6073 6488 8834 5533 3939 4820 2627 5215 5676 6842 1321 769 2885
9010 2986 8175 9100 171 8900 6961 6191 2927 2606 4666 2883 2785 4007 7353 2449 7490 2419 8543 6735 1059 7616 1367 343 5651 6456 5189 6458 8796 2275 6783 6482 3345 6616 765 7897 3416 2773 3976 1863 5009 8756 2397 2629 1255 695 3393 872 8289 6780 4438 9548 186 1920 4777
5415 5327 9154 622 5272 9952 5369 4551 422 333 6298 4182 7752 4720 260 2721 2262 8809 4739 3131 1992 6023 697 6183 6627 391 3139 2370 1982 2225 3825 418 4057 3769 2161 4981 6136 3483 1503 3819 5293 2076 6943 5846 2929 6962 3141 4697 9016 9055 99 3762 6635 1296 4989 6787
8645 6167 156 3255 5201 3551 6104 8440 7498 2628 4466 18 3488 3905 9309 7081 5847 7635 8501 2575 7148 151 9920 8284 9114 1717 6021 377 3402 442 8438 1640 2013 4143 7926 8296 3191 5077 1129 9617 4882 3465 1185 5279 3831 3064 6214 5482 4875 501 13 1354 2341 6612 4414 6435 2367
8586 33 6373 3777 6500 1896 7533 5198 9562 584 5293 9770 9528 1681 1192 9135 2625 1205 8903 4788 634 5397 3175 2540 2725 8860 5925 676 1829 6970 2309 490 6144 5498 1999 4848 1503 8630 7143 2504 9185 9695 8195 9906 4080 3682 7591 7950 9554 8806 2584 1657 9974 6727 8433 4807 3263 8304
9882 8506 3632 3119 9050 215 4621 7024 7759 4944 3884 3849 4379 5257 9658 2039 3584 3390 7267 548 1544 6448 5887 3006 1186 2205 4143 870 9264 4316 8316 7043 2740 686 4776 4237 3669 5531 7734 9337 5852 5319 4055 4490 4585 6230 3887 1275 4632 7160 2316 997 5829 2701 321 3415 3948 8882 7549
7984 7949 3064 3267 7099 7035 7015 8670 7925 3455 922 3151 4574 6085 9973 909 9453 3198 6333 9757 7967 1236 5384 954 4912 8696 1833 7991 4440 4564 6324 2543 720 4334 3229 2060 8022 4360 1916 6585 4365 5096 7239 9374 1614 8633 8535 2967 6679 2035 1805 5491 2727 1301 1169 5011 9322 6109 1062 7550
70
3985
4450 4282
8605 4691 9896
8039 1922 6744 2576
7532 2459 5299 8865 7976
9568 6059 9280 5602 4604 9318
5996 6396 896 7768 1019 3808 7871
6477 500 2368 904 5252 4298 2686 446
4618 461 4598 6057 5690 6509 5546 8260 2592
9533 6842 2184 2752 1929 54 2135 2313 3495 1467
4191 9356 4739 4750 5361 7535 3927 3937 1565 4702 5370
9939 6935 8883 9154 1595 1184 8284 44 6093 9972 2113 4760
5415 7264 3876 7453 4297 432 6410 5393 5133 1116 2925 203 6690
5211 3691 7295 3687 5667 590 2784 1492 8781 5547 3240 5309 3930 2396
7932 2807 3077 6253 928 8317 5338 1228 8009 4505 4359 307 2907 1004 8878
3144 1898 1588 6444 7312 1625 6860 9747 7780 1425 3438 8138 8427 3633 6277 8176
1091 2704 9940 5559 8615 9805 7995 9037 188 1589 333 5770 5254 9193 8571 9666 9535
7153 2274 897 6565 2830 3730 8117 2836 6310 2820 4454 3004 9193 7977 2006 8513 1408 7435
3987 8250 531 9598 6377 2341 643 9756 4034 1689 4342 73 7937 7340 8146 8468 4366 7217 1559
7685 1346 6910 8174 37 9442 431 9738 3345 4204 8974 7642 7537 2301 8810 774 4183 102 5631 1039
8040 208 2723 4044 157 1388 6758 4017 3147 7493 3253 4209 5882 5143 3866 7901 6429 5463 3638 6429 9301
8880 5765 5146 2440 3825 139 3773 2576 313 6300 1291 4462 4621 8408 5032 3055 5309 2289 7225 214 6651 6912
5309 2752 5432 8558 8874 3930 4739 9963 224 6109 971 4708 5374 2253 1026 7232 5308 4020 2400 4291 8268 2322 5629
8092 5672 9292 7991 8916 6545 6855 4403 6017 2783 1932 2644 5844 40 3983 2819 1070 7340 6237 4209 2422 7809 4072 8225
7762 5704 7166 8597 5650 1642 879 5500 1618 6163 9865 1085 9386 3166 8177 2495 2345 8679 7245 2638 6682 6398 2860 5477 9973
797 2257 7271 7269 7507 5990 1304 1122 5732 2721 36 645 4939 7123 9750 278 4167 4934 4108 4904 6460 355 8860 5410 347 280
905 27 2796 6629 3961 2764 9981 7959 7031 9479 8349 9449 2392 7716 9388 7752 9777 7183 1149 7682 4233 5056 4705 8837 4312 5840 1940
7418 503 4894 1010 1256 8390 940 5218 8217 8814 974 4025 5661 2192 8373 8622 5716 4912 9835 9156 4518 850 8215 3210 1661 8969 4832 4238
5277 4033 3516 8664 5588 8202 9885 4473 4309 8397 863 1647 1621 2737 1508 8819 3764 7909 8754 7910 8253 4787 9159 4487 7915 7016 1839 8831 6678
1792 9618 385 5306 5732 6884 1164 673 9177 7450 1737 1915 534 669 5453 1657 2665 1292 7709 8031 3672 8441 1572 3123 8982 544 8654 4179 3888 9757
7762 5589 7298 2491 2408 1531 8383 659 4011 8235 4479 5353 9219 4620 586 5256 7015 5313 3486 4437 5415 2873 4170 2977 2479 7299 2437 6953 8464 746 62
8933 1065 3706 4148 9012 2341 1802 2665 8660 3298 7841 6377 1962 231 9942 331 7576 2451 8747 8704 1096 8580 2856 9618 2410 4427 5529 8918 5591 6345 9281 8904
9455 6710 669 1713 9561 6278 7877 943 1517 7572 2605 1437 2270 3797 1599 6283 9302 784 3818 41 4636 4229 3119 2269 738 393 2740 3856 359 4058 7333 5647 2269
5932 9225 2019 3647 8149 5663 18 9830 3481 5902 6611 2325 5188 4413 988 8190 8778 4039 6286 1675 9654 9408 3064 6664 4726 4545 7626 7306 4479 1630 6335 5571 3480 3063
5224 388 3022 1252 8319 8718 5678 2597 8108 7495 6867 5769 8930 7885 8080 3941 7434 8374 4403 80 3269 9117 7165 3169 8202 9661 9844 9688 8050 7772 9934 3123 5076 352 9329
5027 1326 9064 6834 8893 684 958 414 7171 9779 2707 3282 7602 8751 9854 1814 6893 8561 8196 2646 9324 6065 6941 3727 4546 9493 9863 8111 965 7377 5374 8658 6480 277 6396 6646
3222 8689 5888 1878 7735 7887 4594 157 7070 2519 8809 2204 4930 8444 3841 4417 8322 1343 5498 8296 8612 4396 9443 4799 3627 8731 8675 4874 5544 8653 5614 1306 9789 285 9193 9991 574
234 4193 5677 9131 9507 8583 2211 1916 5548 9889 561 6906 8581 7975 2104 1922 9359 2205 7000 891 1092 7638 7108 1620 6352 5040 823 7614 6926 5379 6044 3593 5540 602 2161 3533 8541 9860
6331 1027 7206 6635 5853 1031 1826 5774 6507 8482 3370 3197 7761 1946 9866 3086 8906 8167 9417 9177 2665 6899 4484 2632 2585 2946 6195 7689 5013 7462 375 722 4387 2369 7058 6476 5054 8753 3161
1565 959 765 735 1470 1780 140 3954 50 4882 7687 3658 9258 8203 3632 9515 2657 3825 6978 5990 4767 4680 7376 4792 4174 8192 7464 6364 5958 3930 3853 7522 5357 1138 9021 121 5975 3889 7728 5174
6010 8174 5304 6578 6713 5167 7856 6316 8261 6078 7164 7426 463 2723 9614 226 5038 9579 5549 2864 2563 2757 4462 4246 553 9525 3141 7064 9006 921 4981 6825 5243 4700 100 2865 2128 9028 4251 1915 4734
790 4186 2261 3491 6843 1338 2223 6290 2241 3103 6486 3372 2308 4177 1194 9815 7018 148 182 3696 5564 5678 3237 2656 4857 5145 7395 6524 7002 3437 8155 6628 2481 6611 663 8193 821 22 4170 7621 7196 8104
7179 1744 3758 3664 4784 6297 762 6295 6091 2088 605 2887 5751 4580 9227 8863 9416 5411 5508 8944 1387 3500 4120 4759 8208 1025 3562 1493 4418 6456 8372 8880 3252 5597 6622 3036 6028 5454 9433 5134 6040 2740 7573
4434 4934 3590 3295 252 7203 6211 8862 5559 4039 3319 2449 6604 6792 9441 7251 9106 5247 4217 7573 5714 1464 9686 4303 3511 8745 9511 9543 2184 7469 6325 4331 211 213 4071 7951 2935 1284 8433 7032 4127 6486 853 2740
4145 9972 4842 6809 9879 9743 9103 8904 4685 7654 6575 2559 2316 7557 4028 9843 763 3376 4458 2265 5668 9061 4595 6986 6463 3487 4026 7191 1395 7525 1655 3411 2785 2387 4797 5341 9649 7952 1846 5900 9257 408 3886 3672 1456
1224 4612 8779 9675 2072 391 8709 1944 9880 2563 4146 8920 4622 7800 5761 2471 2623 5335 488 9581 2984 3585 1262 1189 6605 876 4304 6878 7998 9811 8785 2291 6181 1342 9164 9635 3077 5031 1830 6738 3179 7741 3125 1071 7234 1133
4829 8839 5802 5102 4394 5205 5367 3362 2768 462 4756 8954 4674 5515 1418 6704 8614 296 4260 5192 2978 8532 9737 127 2386 8753 41 7551 2177 1569 9629 513 2843 3429 886 6863 7308 354 8108 2399 4625 9365 2699 5865 2906 3771 5843
8358 6101 1041 5936 6565 5887 988 8208 1245 4991 6563 1629 6152 5676 3943 4460 7904 2649 4390 6996 8054 9967 3191 6053 45 9224 443 2908 8097 5811 3064 570 8104 4458 1291 9871 2954 3956 7437 8824 1594 4909 5893 7181 438 1345 8736 4187
4901 678 6187 1898 4997 6667 1052 2591 7257 1848 2652 6731 8746 9511 6509 9964 8728 5784 8495 8685 9200 978 1894 629 7268 819 3037 4269 5716 2824 825 1243 3206 5215 8461 8645 8223 7303 499 3963 6363 4602 2792 169 4110 8023 421 4689 7888
1033 1204 8998 6354 4711 8104 6530 2347 5271 5633 3219 6658 9167 6497 767 9434 2724 3786 497 311 8178 135 998 1055 2431 7859 449 3902 2370 5579 2894 6330 4905 3798 2772 7989 8671 6710 781 7570 7484 626 3853 9463 512 1884 6395 2820 4985 7919
3188 4302 3127 1728 3936 9889 3321 2475 6723 626 5798 4171 809 2394 8842 2592 8803 9832 1165 1235 4064 5975 7984 7039 1932 9079 1929 585 8626 7079 402 3806 4975 5102 6280 2581 9149 1089 6228 2054 2782 5589 5121 807 7218 5177 9579 8398 4604 2718 308
5168 9389 1872 3932 6638 287 8462 6533 7941 9141 3322 622 957 6079 4116 8486 4541 8174 2841 3246 141 6779 5227 4984 2093 6659 5892 5128 4897 5208 6171 6089 5125 9354 5646 6788 9629 512 5048 3353 9719 7644 7214 3466 7178 3468 9875 129 8221 4095 2019 1893
2127 8275 130 7213 6654 7052 420 9326 776 7008 5012 5502 7844 1676 7446 8369 6353 3261 8171 6566 422 9520 1742 4072 8693 7017 1191 8773 8508 4144 4228 8098 107 5251 8392 7915 6704 1235 473 6387 3536 2058 3054 5462 5497 6957 4598 3417 3527 3091 8312 6120 9323
3526 3596 6611 5665 4041 8204 5176 4048 2927 9405 8715 3632 113 4213 7158 7581 2971 3742 6248 3625 3127 4619 3282 2293 9484 6378 8544 6555 2179 1964 1527 977 3350 4011 9507 4651 5866 3363 5906 4186 2784 1682 1466 7095 117 2076 2898 5885 8489 4785 9651 5977 289 3811
7568 29 4319 3408 2185 4874 9483 4090 825 2477 671 3416 6415 7542 2940 2915 3474 451 668 5341 5703 6956 3178 6038 4447 3628 3014 8584 5118 7906 1214 9743 7829 1932 685 1592 534 689 7540 2895 8375 7456 4419 6846 5294 5517 9824 6573 1564 4465 4245 8067 7288 4171 4691
7995 138 8267 553 7062 9661 1000 107 8329 6357 6749 2491 4003 6757 7489 4901 9696 8794 8861 2589 6366 822 2248 5619 5214 1114 2238 4444 8139 4115 3445 6759 8248 4998 7359 8221 4139 7121 389 8026 7680 9087 2536 6120 6202 1935 6329 3088 3925 7891 4570 7860 9483 7877 4308 1199
3520 9881 6114 1618 5355 1614 5229 7289 788 5679 5749 9984 9212 5288 1546 7248 2095 1679 5683 241 3404 3916 2468 5837 7559 3071 2136 6870 6503 639 8932 6449 876 3339 8697 8652 3712 3057 3137 7013 8723 9480 1854 9614 7535 6096 1203 3607 6141 8479 8993 2469 7544 3137 7581 8220 4034
8831 59 1370 6286 4227 8827 2669 1981 6106 783 510 1071 8091 6048 6899 7728 1695 3341 5492 7391 7324 2406 3647 3342 1938 7862 653 8125 8415 1439 9379 9627 3489 9218 9142 1664 565 9648 9234 9071 7244 758 7781 236 6350 5923 6660 389 8848 6903 1784 7488 6232 3733 5844 4018 9793 9396
8113 9873 2970 5476 780 8977 9277 4283 964 32 495 7032 3686 1361 6855 6650 6830 2239 9604 7798 1186 6167 2547 8202 8885 2908 1233 3645 3080 1975 680 9318 5140 6657 6405 5770 9485 162 969 3791 42 6146 5574 4288 4152 2267 917 7349 8271 6033 7198 6150 9299 461 3104 4984 2960 2938 1023
5377 1362 3542 2174 4872 7476 8194 9087 9190 9981 3846 5105 2277 4492 9424 6027 5492 7516 5296 6898 6963 1479 1901 7568 8208 1656 6682 8019 44 543 3494 839 477 39 760 6638 1155 7063 9751 4570 7296 5310 3266 8613 6857 8380 1313 9147 9673 9697 6612 6133 1838 8595 4977 8283 6801 3683 361 3643
899 7851 2465 4282 6565 1912 7154 2697 3011 1572 9046 5453 3642 1860 6691 8262 6487 4496 8230 5343 9188 2087 8719 2044 8344 5083 6345 2168 9008 2809 8729 8664 8083 9331 4880 5685 934 2349 9740 9484 6942 2203 591 12 5089 6241 2244 9679 9672 1129 4673 4890 9828 4298 3955 7614 3856 3719 1630 2295 7172
405 5426 9491 8452 6971 9073 9128 557 6146 5843 1266 430 4822 201 8690 3070 3573 6859 414 6873 3646 1698 1688 7117 5285 2131 318 4471 4750 7303 1547 8592 5198 9837 7302 5852 1131 7207 6277 679 9553 5975 1365 5371 3153 6710 1725 4475 577 6773 510 7827 3276 9723 7939 6536 632 6910 4868 9629 4569 3871
6520 2880 7755 629 7935 7392 6319 8003 3589 9751 4605 6722 8539 2927 6828 2064 9230 7086 3320 7671 3961 7980 9824 2355 9890 1837 5573 7325 7796 9930 3795 6722 1289 3910 5562 9509 4941 6493 8793 9744 4053 8917 5640 604 2066 2999 7196 844 4909 6726 4285 7551 5248 6247 8537 9913 8001 1289 7727 7275 1178 3909 8317
49 1740 6481 5308 6459 445 74 7810 5392 5842 2010 7016 8286 2221 3649 5863 9287 6054 4386 9165 2878 9369 1637 6535 9349 6181 3756 8269 305 5089 7828 5692 8729 4638 8532 9058 4658 4037 3392 4333 3285 6752 4888 4331 7304 8204 8958 4082 6306 5434 2365 3667 8313 3096 8803 1465 31 8180 5731 1387 9194 4495 3847 8310
1432 8523 3199 8715 4750 1783 2681 4898 5847 2414 8029 5988 7337 3727 7680 6184 3632 2229 3686 6311 2157 7952 5077 4424 4215 921 4139 9433 7709 3253 6335 9027 3000 1439 7180 4402 7607 875 6832 1456 4354 3637 622 231 3750 1443 8904 8899 636 9193 7929 2128 3342 5438 7064 3052 3568 5525 6749 5483 4240 7796 7053 4873 4244
6770 8957 5704 4833 9724 3656 7392 9242 7932 4875 5257 39 461 6573 8595 5158 8791 7237 7458 9622 4275 6007 4088 6394 9941 7387 6970 3533 7598 898 2806 2911 2437 9304 7532 7455 8638 559 3553 7328 9349 6430 1338 5439 5533 3354 5379 2216 3580 856 2957 464 7763 644 5449 5408 9889 5307 1737 5729 4650 9791 314 6875 32 4042
8899 7141 6167 5115 2162 5247 4971 7050 4370 4665 8361 3912 8260 1346 7219 7350 597 2135 2004 1152 1495 2364 7786 4754 7998 1607 5362 9749 3328 2215 6339 5859 158 1900 1563 1705 153 6197 1822 3453 6273 1296 4334 652 4861 352 6475 2239 381 8482 9588 1039 3990 4124 9861 2412 8872 9680 6993 4239 4488 3706 9228 992 589 7763 4587
6758 7477 7200 8370 6633 4130 5128 7714 9003 8411 305 5519 7291 348 5797 9652 2816 7530 5575 8908 8092 4928 5924 1998 9128 5851 5802 150 8281 2399 7482 5009 2721 469 1737 8048 1028 8983 7149 4427 3206 9103 4081 7802 684 3562 9619 9585 7741 8625 9608 2646 9216 1189 6201 8939 5926 8365 9966 8712 1449 7975 3947 5359 4788 3573 4160 4985
1892 3355 3045 1581 6469 9110 1516 5198 4154 4808 1180 9980 4199 4488 6429 1243 6078 4665 7273 715 4207 2019 9371 5840 641 7677 5558 3795 3519 3099 5523 3181 2292 2680 2739 2101 4355 1109 4068 9328 8642 5920 1264 9757 7911 4452 5009 556 137 3102 5469 6454 5190 8711 7142 640 1005 8035 1458 4253 4093 4096 4774 247 4187 3369 7960 1341 1210
8086 2044 7470 9710 1490 4406 7523 447 604 5858 2821 6512 7651 7913 5640 4172 7591 8790 4011 4444 2600 5605 4090 7151 2705 9812 1238 6480 4223 7576 565 2928 7223 8572 2685 3269 2014 6050 2846 6638 776 2126 7698 5285 6906 2180 5958 5024 6189 1425 9904 7377 8861 7450 7750 8819 2520 3457 9298 961 5098 275 7069 8644 6032 5612 4525 3708 4131 3034
80
4827
2297 132
3259 7330 3881
3303 2602 6047 6948
6878 508 4016 7117 2251
3645 5433 9654 1348 276 7842
422 1709 1956 6893 5676 2402 4951
79 7922 8715 9625 9030 9900 958 8950
5904 767 5837 1689 198 8659 5669 9688 914
3 3622 8495 269 2777 1825 8112 8914 7512 8181
9484 806 9680 48 779 5632 982 4290 2415 9626 5547
8507 1383 6369 5105 2442 7776 2800 6240 8342 1562 8256 1976
3730 2690 331 4370 8071 4850 7277 5975 7528 8952 7749 7756 2524
4655 3427 7646 9611 6828 3592 6571 826 351 3612 1681 1241 5251 5571
3139 7281 7459 9076 7411 9736 8136 5110 4824 1727 3912 5512 1654 4224 7703
1057 9593 1152 3551 5682 2845 9656 9633 169 3550 9208 5740 7272 8157 3585 3808
4320 7329 7378 6730 9214 556 5482 3732 8002 3035 526 5256 1970 3935 9109 4372 4105
5420 5704 7647 6652 8802 6219 6638 2280 2405 404 1427 785 1875 4356 5423 827 3671 5144
8116 2781 9312 3015 6623 4347 7950 6906 2775 8705 6703 7117 9289 8234 8809 4856 5441 3661 7844
5608 2213 6732 9429 1552 9705 8448 4863 478 881 5850 6824 8563 6442 6727 8017 1188 9359 1645 127
4417 1608 6732 6716 9894 4419 1371 9691 1478 1243 9028 829 2911 8152 5880 1594 1085 6861 9680 2353 4298
358 5388 5403 4029 677 4934 922 6440 5986 2145 1080 4651 1422 3245 2397 1229 3957 7195 6623 7278 2479 7172
703 7364 7232 5188 8672 9469 941 7889 2639 4516 8404 4047 2124 2930 3292 7654 7284 6040 5668 8550 6510 3471 5564
9745 3661 5298 1597 7125 5017 4532 9303 3747 4834 6773 4093 7524 2587 5002 9946 506 2944 1625 8204 3413 5153 1667 4693
9845 813 358 6205 4403 9718 9452 9916 5126 5904 4207 6942 1787 8034 9951 7503 6487 5298 3572 8087 1008 9879 3423 1729 2293
2428 4761 9865 2514 8094 2230 3248 3443 8615 7928 6295 6875 8699 5672 6138 8570 5959 3723 6796 2958 5653 9414 181 8326 2195 6017
7001 6644 6368 4871 822 318 8197 9392 2180 622 1314 7657 7662 3289 8955 6940 9509 5906 2732 9932 7910 7309 1015 9138 478 41 8226
1774 3060 8850 4040 8991 1322 993 6604 8156 6385 727 9263 2624 5152 9450 678 6828 7575 2515 7489 8216 2647 8568 9521 4567 1007 1751 2218
2940 2912 1168 7708 7488 2381 4671 8146 3491 191 4243 1726 8042 6187 972 9626 8999 7594 2197 3623 547 9058 4211 564 633 6528 1422 7429 4598
7436 9277 2863 7932 8941 8015 3627 4813 2938 1498 7390 1977 2057 7270 7931 4856 1014 1164 3032 4055 2827 5966 6730 7894 4153 6151 3618 9992 8500 1963
9230 2968 9432 5328 8511 7730 4544 2747 1416 9537 3029 376 2869 646 1817 690 5457 9496 5060 7014 5961 1987 6659 7860 7051 1746 7754 2685 572 5638 3264
1398 9052 4953 8966 9290 4743 9501 1044 8087 9677 3219 5000 682 7083 9243 8814 8044 3610 9131 2082 4072 5543 2277 6580 7886 672 5593 4367 8333 5553 3531 7216
4743 441 9640 4010 2915 7659 9681 5739 3777 3221 3094 3628 8015 6470 8110 6003 9198 8452 6446 9468 9151 1945 5886 3728 6300 8434 7608 8558 573 6237 696 299 9882
8186 7550 836 755 8810 2679 27 9844 7380 7516 107 9628 5402 8934 8221 9100 905 538 8810 7268 5442 4077 7915 3070 2269 8376 7256 2043 7147 1405 5091 3394 8799 7318
6141 413 7857 4886 1525 5753 321 2755 994 269 6910 7761 6289 7388 6167 9101 7044 8233 1290 7865 7277 546 6099 3133 9289 7042 7888 5061 7026 4313 2662 5042 57 2327 3445
1205 4489 4057 2244 9415 4804 5837 4222 2147 1988 791 3644 7222 6655 2684 9767 3093 3454 8573 1429 5163 5008 1287 1075 443 5683 1648 4835 9013 3842 4651 9062 4437 8535 6320 4861
1936 4795 5975 9021 7982 5972 2927 1471 2519 6807 793 3790 4576 4692 4671 2124 1006 8561 3353 1787 7719 1784 6585 5438 1650 8414 119 6158 5655 6274 4418 1382 4888 2532 3164 4539 1053
1464 7886 2220 278 9162 1358 3737 8174 1119 7111 8875 8159 5394 2419 9177 8611 8076 4189 3351 7902 2694 5244 4346 4513 3631 2762 1934 168 8630 4406 1459 5465 697 9776 5801 5138 6557 9891
5873 8948 8317 6787 5338 3568 4931 1431 2797 7128 4250 2977 4230 1874 851 7511 745 5863 9641 8275 3010 5788 9391 773 9553 8424 5667 3309 6619 7724 1433 2797 1060 6163 1848 6795 3849 7799 5485
8206 7396 5029 243 5076 1445 9675 5586 3495 7300 9863 9777 1012 1028 8965 6110 1107 3000 404 566 7197 8265 1191 8606 1739 6185 8095 453 4595 7553 5893 8081 1179 5746 9911 1438 7165 5849 9758 2079
1671 223 6530 1291 7766 8081 302 2810 8849 6565 3935 2242 4643 4267 2420 6535 4909 3511 4229 2034 1230 9936 3735 1536 8792 1658 8660 3662 1096 6385 5574 9823 3272 3080 9517 668 7067 2087 533 6656 4366
5430 6150 5012 603 4762 400 7682 6923 8674 6010 3377 360 745 3953 6578 9928 5737 301 8196 2142 1306 9195 920 6378 2179 8207 380 5195 6123 6708 3968 3326 1824 645 3349 9793 7186 1550 2586 1948 9606 5568
3022 210 7572 6269 1732 7693 4189 9667 6034 6608 7004 1331 2125 1164 5558 7276 3868 7279 4214 6014 8429 4848 8838 5475 559 3701 702 6855 2628 1027 4785 3729 8329 4770 7496 3062 6601 1785 2527 1043 6004 5629 6327
673 952 3083 7685 3112 6023 3897 2763 5031 4961 2496 4902 6744 374 5074 2047 4216 8656 4692 6439 8881 2468 5438 8760 3182 5098 7813 9757 1903 6768 6052 6381 5462 5042 4393 4254 957 3376 8383 4259 1033 7259 6493 522
7738 7613 7500 8181 8610 3580 3540 9708 1803 9387 4619 7249 3084 1963 7393 9950 5640 5093 1034 7657 9225 5827 6316 5425 3667 3119 2324 7089 9725 5963 8193 1147 4399 7698 5256 1929 3428 4176 5205 1380 1180 1811 5459 2286 7168
9116 2320 9919 5446 9899 8956 3740 6396 1127 9932 9997 4128 4929 5186 4221 190 1033 5388 1165 6221 6682 6205 5195 1754 928 6090 9874 3457 3317 4255 3382 4100 9848 6207 3162 9799 9212 2951 3615 7808 7192 7858 8568 921 5165 8247
2902 4564 4827 9217 6410 6311 6966 10000 6681 3726 677 2392 8372 2770 8344 8254 7652 9189 774 9715 927 5365 4179 3459 8785 5942 1410 6603 5957 4289 9041 1444 5951 9864 3621 3969 1458 5220 9952 1874 2020 3360 2850 9414 4930 8596 5158
8010 78 1995 9040 8100 1074 847 7521 2821 9951 5156 1203 7167 8676 2401 964 7982 5011 3806 2637 3057 9457 3507 970 6524 8629 9117 7827 2375 3387 7360 2391 2901 8711 4350 7856 6754 767 7413 1451 8100 9532 4457 3971 5489 8742 248 3653
3992 300 2324 6512 2889 5162 2319 5860 4746 6156 4529 4314 5748 7907 2084 3172 8863 811 9408 9510 2111 2129 6938 1760 8295 9116 3506 3973 5275 5398 6231 5817 8978 9844 3351 3351 1448 7295 7068 3817 9626 6555 111 9088 4981 6075 6347 3098 2112
2725 7780 1375 9379 5624 8462 3367 2573 5291 1167 7787 2196 481 8461 6344 2552 335 3515 5070 6214 6303 2603 8312 5070 4674 7923 8581 6129 1286 6118 4740 7183 8891 9265 875 6782 4778 5696 5749 2790 1026 8173 89 202 9227 5518 2830 6087 4287 2859
4037 5269 5485 2179 7030 8374 1809 8594 6982 8499 4366 9259 5481 3027 7622 2029 5625 633 9013 4102 844 3395 981 4160 990 4562 150 4409 3455 8470 7605 4089 8512 6000 7312 1885 1477 3309 3742 9479 6892 4621 1201 4750 7841 3910 3088 2125 9785 3014 6295
8823 6593 6723 5041 6448 6676 6104 6339 9925 3464 2403 7126 6854 9773 692 9172 4202 1223 3360 8750 2736 75 5845 2430 9015 4911 9081 41 8069 9739 7648 8434 694 7260 9862 3590 1592 7146 6248 175 5731 9673 4526 5490 1864 6566 2436 2945 3151 88 3252 243
9567 8607 2759 2608 9627 963 2864 5029 8213 7945 5601 8612 4659 8308 9311 702 8570 3864 5837 750 973 9936 4180 2038 3896 1405 6945 8298 6655 6497 6818 1239 5866 4533 5355 3099 2644 112 8811 221 9105 2118 7379 853 8808 8532 9938 9902 7261 1076 364 2951 4448
5974 4501 4481 6080 2414 6094 4019 217 2273 5840 1282 5330 3976 5899 4369 2855 8407 9831 9208 6965 3404 7498 7023 262 9296 8286 4157 7242 8891 5768 996 6612 519 8920 5157 3182 7305 494 7177 9163 8460 2663 3955 9402 3762 9321 6937 7514 8773 2516 4232 1952 5049 4274
494 1727 7391 5562 8192 7861 9391 9863 4774 4236 497 506 8230 2486 3910 3148 1466 4467 3554 9644 3025 7979 2260 7062 198 7214 3750 1000 3279 3898 253 3197 71 4590 5645 1616 7740 4647 9322 9764 58 6806 5430 778 5490 7928 4863 7600 1378 6484 972 503 839 2120 4648
9285 4367 9647 7342 7957 7692 639 7885 459 4369 5151 4822 5305 4599 9280 4638 8413 6963 2275 2318 4906 1398 9847 5337 2684 9652 8611 5481 8041 6413 8255 3106 7167 7436 6311 9841 6317 8940 1185 3306 697 4416 8509 4904 6015 1245 9276 9107 9556 7309 4982 4909 5907 9344 2144 8405
2781 1738 2740 8976 5432 2469 6615 3537 7433 9028 8214 6320 7074 7803 5841 9155 5219 8701 9274 4074 5179 2622 3742 2790 3605 3748 8370 6940 1230 7561 9179 7030 8484 2937 5906 8830 5796 694 4141 711 2467 664 365 4958 4387 2612 521 4493 6774 6115 8483 1203 8322 9576 5988 7289 8044
5777 5072 5692 4364 4914 5469 5237 8549 731 9059 4942 3545 9196 55 7929 201 1230 762 1963 6869 2022 9087 7530 5096 4721 2363 3017 3673 6708 1850 7914 2372 3985 6078 4537 5072 3743 8804 8456 531 8097 3113 2574 401 2485 8867 4371 8432 3495 7775 2737 3580 9361 2236 6373 447 6705 4942
9052 8733 7639 8478 6645 8358 6605 9736 743 2576 1977 1800 163 9413 7277 779 3453 8487 7596 2776 4654 7850 5877 5800 4558 83 4778 8209 9988 3981 5509 2279 6340 6466 4043 4713 7393 5654 9410 6018 2137 9736 8157 2834 5759 3462 8079 5386 3267 3646 9639 5550 6034 9341 6319 3945 7466 8613 2760
2250 9892 8781 4804 6935 873 6960 1119 7999 3244 5308 4729 7952 6872 2326 3586 5335 3322 2954 3645 1461 4777 3336 2228 6209 8136 5930 3033 2846 6709 2079 4987 8532 9715 2702 5280 898 1591 1845 6739 1938 5417 3103 1409 6302 1430 1349 2237 1170 8528 839 1454 3217 7242 528 4919 2364 2470 8187 3513
8246 6160 5456 3089 9191 1012 674 8868 7878 2630 136 3286 8131 1265 6373 1470 3213 1039 3536 4265 6797 3078 1830 8650 1999 6908 2269 4024 8767 7538 7081 4986 9668 6372 1061 4176 8442 2942 272 1380 255 7569 1594 5019 2312 7944 3213 8641 7921 3152 8976 7905 7349 1499 6776 4358 2712 2869 6429 6529 5329
3260 6724 8243 6794 9053 3851 9910 4891 7595 9534 4782 1204 4643 8726 3228 345 7148 8110 1688 7449 7591 2174 3589 7631 322 4554 543 5766 871 2273 6868 2301 6966 1647 7894 3981 9248 5573 9390 8000 2650 4519 5864 1683 6396 496 4889 87 5948 8376 8572 5741 9032 866 4564 4735 8432 6011 2947 9621 9531 2586
3418 4607 1474 670 1446 2154 4352 3641 3442 3187 6232 3530 2254 2883 7179 432 9431 9145 952 9042 6600 286 6992 5061 7 2717 191 3091 1611 656 4466 66 2852 2148 7417 6235 6356 8663 9222 9140 4006 9625 2695 2001 4474 8229 4604 7778 2359 8910 4782 5199 2250 2445 7507 1097 1461 4635 7910 3354 1026 527 2396
1534 2218 3795 4471 9677 5809 8543 7235 2143 1079 2175 9157 9110 4293 3296 1604 5750 5601 8783 3105 3504 6726 4450 2777 6831 4393 3859 7368 278 2759 6203 4687 8493 9638 9973 7817 3554 2266 1693 6589 3493 4108 2470 3292 7547 9856 2763 3722 7901 5200 806 4955 1932 1886 347 8681 484 5647 8757 7504 82 4225 8503 978
7842 364 3416 1545 8210 3439 1395 8128 3745 606 2204 4691 2410 4983 4040 706 9791 3814 7782 4224 1552 3537 5395 6601 6983 1113 528 1817 4350 5135 5753 3612 5492 1839 2523 8037 9239 6860 7803 1563 3964 5817 10 6405 6521 2791 4484 4150 4568 7365 9894 5457 2362 2515 7065 6316 7070 6138 1680 1044 6690 5417 981 9759 2556
1279 643 5729 1778 489 994 5316 364 3912 7582 2244 1314 3085 2853 1333 1451 3294 2409 1740 2125 3200 3804 7517 1433 6636 7431 9302 3884 5893 724 8633 5487 1952 2652 6454 9457 5073 1437 1175 1576 3568 2125 5056 2855 6376 4905 9641 8382 6905 2217 8499 171 9158 35 9730 902 8337 3710 298 883 3766 7157 9 4654 5841 9785
6148 1228 9636 2622 4343 2823 3849 3671 7134 6070 1797 2991 7938 2826 6891 2910 1090 7739 333 4486 8805 6110 723 5405 7744 4319 1482 2211 3034 7271 5873 676 6392 9879 961 535 8557 6929 6451 9930 3052 7102 5243 942 4325 2772 9221 6150 4483 2304 5356 6149 3945 6074 3459 3105 5754 9481 8632 5909 9885 9954 2821 5548 9721 7425 6503
1352 9660 3128 9352 8037 2512 5243 71 7613 3726 4270 3819 8180 6760 5824 1806 4615 1453 1363 6286 9243 6690 2266 3684 66 9054 6650 3000 4364 1237 5515 2027 4984 1485 8994 9896 1112 3582 7677 7754 1328 2172 5552 9778 416 6754 5517 3921 5836 6057 6969 1544 6756 9373 2706 9126 4555 6891 1170 7286 8992 2217 3328 6411 7569 1461 5999 4158
4070 3108 9157 9322 3593 2391 3805 3471 4324 2593 8695 913 5525 1008 9769 7370 2049 6869 33 8710 646 5744 4079 1353 5170 9318 4021 8749 3809 8419 6859 8983 2922 3396 6265 844 4582 1916 9714 5447 3724 6117 5517 1633 4385 7580 5367 1161 3125 823 6552 8158 3938 6114 7705 6253 1463 8408 7078 8324 2564 5476 8248 1838 2444 2348 113 8830 8293
6518 7054 1074 3851 7811 7452 1998 4413 9317 5208 6712 1490 7236 7810 1062 8859 4727 8854 352 7279 2676 1172 6506 7313 1069 3887 813 4768 5807 6118 1982 6857 4641 6976 724 4445 1095 8874 4541 9819 2674 4487 2853 5161 6207 4514 9770 1005 7682 5623 2896 3945 5553 6045 3646 9933 188 9285 9866 937 5946 6084 911 977 44 8164 5338 3006 2686 9102
1466 16 5865 6019 762 7777 9459 4616 401 9533 3813 1194 633 5573 8288 550 2839 9688 5183 8274 5376 8015 4417 5854 7659 896 2246 8190 4362 7718 4097 7006 139 2517 7138 1738 2927 5160 969 1308 1638 8403 9849 3028 4769 1199 1141 4710 5508 5454 6885 955 1045 734 4035 8903 519 2363 3643 7302 8392 9648 3026 6788 7344 1151 789 4075 3552 5171 9054
261 3342 7100 9993 8045 4808 7071 6564 1175 73 6157 1355 521 9609 4731 1640 5045 3028 995 9412 389 1103 8730 2209 2369 2140 5952 2255 8354 4938 5589 2204 7616 1229 7455 9908 6036 9795 5968 3170 6835 7009 903 628 9724 5455 7851 214 8841 6279 1033 997 2669 7786 4448 9389 5657 6786 6041 7358 6289 4379 4958 8349 7098 8746 8546 9208 8629 7842 6174 2901
2917 8171 790 4787 3669 3851 4462 3784 9775 7468 4734 8011 3830 852 3814 1346 1258 1635 9936 5601 3379 1991 2914 3492 1338 9267 3422 1293 1231 3911 5064 9625 4117 6961 7847 1426 7945 3406 2392 1413 1890 4318 8186 9884 6495 3792 3882 7460 2401 2610 9458 6983 6924 4127 6925 4835 4138 2948 7432 6649 1334 5045 3582 5012 7584 8324 4996 9536 1926 7287 257 4160 6181
8137 3093 6389 679 6699 4945 3376 2878 1008 8 766 3587 1238 2783 5550 3195 6016 1404 9107 8626 9895 9935 9171 862 1175 5828 5096 127 2401 3839 618 4577 4269 4052 5071 6892 9367 4238 6830 3447 5441 5363 7879 8200 1419 5500 9444 5907 8826 2329 7265 7051 1598 2309 9597 4956 3520 7840 2773 3164 4059 9602 3523 6624 5722 1074 8234 5077 9099 6167 1731 9398 1472 2736
8098 135 4652 5789 8459 6049 9320 8167 5090 7451 1718 6548 763 7419 604 6798 7554 3910 33 3609 4094 4456 7547 4053 5983 2668 9767 1814 6477 9156 6030 6224 8359 4257 3623 316 7772 178 9473 9852 2705 7330 3963 2540 1042 8207 9997 1348 6116 7281 5004 1588 5847 6703 6263 4941 774 7684 3181 8999 8434 8211 5209 2119 4218 6685 4116 5180 399 9445 6910 7594 8824 3022 8312
6356 3876 7070 7647 2677 2863 1492 1990 8865 3460 1543 4478 5821 3084 6745 1516 6926 8914 8996 7158 6987 4668 7476 7509 7612 416 1538 8530 2083 9472 9856 9358 1347 1919 1656 8982 4319 9812 5778 5597 3325 8670 3858 8836 5012 1553 163 5393 6055 4444 9567 1381 2433 663 3624 1174 9720 9988 9445 4388 427 3179 5356 539 3584 6943 1806 4348 4408 7997 1434 3497 6840 1061 1854 3621
3179 1113 9612 5923 5765 7110 7226 3546 8602 8022 6683 999 9576 8206 7538 3607 3365 7776 1490 8347 6227 2297 7208 6597 6164 6281 2298 5912 7042 5152 1830 4558 5508 3468 242 4446 4944 4307 3393 5529 7958 4595 2911 5357 972 432 4497 3739 6723 7361 3259 6911 3761 7035 7905 4548 8757 3781 7564 6259 8748 39 5538 1538 3904 5219 7752 807 3263 8139 1855 8594 7350 9054 8864 9082 4862
4752 9919 9004 8471 3479 4909 6952 8020 8236 6813 7978 6389 7304 2120 5441 8255 2731 3507 5197 7608 380 9751 4899 116 9409 519 7562 3339 5767 1370 254 5085 1266 3508 5277 6863 9974 7094 3630 9541 8688 5796 7078 4090 1542 5396 7868 4683 2080 6831 8454 5969 7589 2299 1405 8526 6252 6436 3906 5989 8620 8137 5132 4540 9110 3655 4634 7025 828 1398 6902 6521 320 2871 5905 409 6650 2775
6996 9349 5046 4613 596 5319 7345 5603 9522 3457 8265 9076 8504 3433 9711 9904 6781 2878 3333 1880 9227 7979 9728 6608 1755 5634 6586 288 8567 810 7188 8446 3462 5995 4920 5872 5125 1324 8564 6745 8951 565 4518 7024 4141 8825 6100 9562 2983 279 1730 9098 9997 6983 6392 4218 7536 9126 2541 2370 6872 5201 3218 2851 6779 5543 1460 3662 3090 2682 4453 3407 7979 5610 2024 6652 8462 7589 7352
9141 4839 9534 3366 9301 3874 6317 4436 3450 1731 4646 9774 1975 2154 375 9508 3936 3546 8021 2329 9091 3711 6935 1800 6026 3924 5902 9169 5050 3158 6601 2543 4195 6570 1996 5271 8704 698 248 6703 398 1358 5131 5072 4158 4480 9145 5512 2317 6169 155 8878 6463 7040 1880 6248 3904 9034 6712 6412 4660 7676 3325 1697 3320 6096 4998 8557 7124 1612 9900 9384 5311 3552 5469 9416 7231 9496 7583 2820
90
8862
4895 5909
608 1039 6594
1023 2404 4721 7258
1784 392 1888 2327 2186
5219 6127 8299 8254 9689 2063
5326 9313 3153 6458 9400 4250 1753
1865 3656 5965 4167 2943 6235 5420 9821
9858 1924 497 8500 6386 3784 1693 1780 7398
8728 8821 4362 3945 7268 2242 6583 5160 9938 9227
3287 485 2425 3110 1647 6007 3371 9741 8888 396 2518
9745 4776 2921 9770 6638 5387 2328 1717 6726 9691 5336 1009
6267 6447 6318 1193 6216 2767 5274 6009 7112 6384 6769 1011 9817
2976 3658 4762 2430 70 6231 3668 9369 8777 176 8872 6949 744 7609
8988 8578 9444 9605 9637 9546 4703 6541 7464 8961 814 2575 6355 9476 6116
2357 84 9122 6297 7657 1744 633 8636 1552 1066 4330 7977 7682 2829 126 5619
5501 7242 4792 1647 1223 6476 8231 5370 7847 4691 5079 7710 4998 8024 8028 274 5933
8368 9327 2821 4450 1661 6156 2680 9248 2641 2175 1630 6975 2757 8162 996 8069 9047 7627
498 9596 9355 2235 7279 3450 3745 5433 216 8336 5494 8889 8749 9881 7087 1395 1631 3129 1709
5387 4759 4466 4416 8736 6434 423 330 6579 7053 1129 8711 4418 187 599 9798 5202 2230 1343 9818
1241 9755 8563 8178 3616 4533 5823 1988 695 4368 7468 2875 5592 2032 5127 7848 5867 2575 8813 9270 423
8570 4917 323 5510 1387 8322 3703 3758 2537 2310 1061 1632 4364 4413 6260 6374 5850 2499 7337 6498 669 6624
6100 3325 4183 6615 2739 8477 6423 396 1926 4561 9304 2751 7298 9553 945 7692 7715 4390 5058 2256 4143 350 1255
8397 7593 5754 3700 3358 2077 3655 5053 2620 2151 6866 2124 3473 7435 1459 5591 5036 6712 213 7592 9984 822 2251 5985
9169 2345 8920 7094 1403 997 2655 7694 5618 5394 394 1666 8631 9973 8547 7892 9625 206 2021 6569 515 7623 8147 1037 7246
8944 4279 3556 1728 3740 1528 319 534 7841 7424 5001 9498 9852 6600 2226 5029 21 6204 4938 3905 3608 2120 6576 6207 5539 4288
6630 7315 2227 8406 9265 2515 3828 7096 6314 8849 1824 8595 9936 9443 5555 2028 7619 9234 4659 1356 6131 1461 2940 3781 6832 6130 582
9953 7779 5480 7467 6182 6334 7096 2759 9615 7400 6580 7275 701 6854 7171 411 637 6304 6415 5943 82 1870 2666 7643 4871 274 2360 7966
3267 9115 427 7676 5738 3589 3522 5148 8574 8039 6746 6184 981 3160 2192 7122 185 4155 223 1423 6243 8225 9323 2138 7447 6886 7447 4594 9394
3806 2934 4928 7238 6772 7134 1601 4165 2582 1538 1493 4009 4385 9908 9545 2365 4344 5920 7762 9526 6064 2531 6793 7615 8619 8098 9735 7248 9912 1370
3924 176 3779 7398 2989 935 1188 9487 6979 171 1958 7601 5146 4452 6784 3238 2492 6021 6058 7338 2318 9582 4792 733 1763 295 1126 344 6564 8950 3952
4511 100 7502 8883 2404 529 309 752 2139 3032 6936 6578 2635 7342 1386 7844 5238 9419 3098 9897 1101 2267 3618 5715 4567 7386 8215 1947 2422 9893 7210 2927
2934 2805 1508 1983 6161 4104 2851 7167 8680 5654 1678 9846 5979 70 7477 4554 1229 293 9538 2167 188 9277 2133 2532 1386 429 4547 4594 614 1543 322 6607 5932
7182 1311 7262 4698 3753 7761 3211 2738 6237 2959 589 1459 2698 9074 6072 5623 9952 9444 7580 6321 6481 1458 9683 5075 2947 8843 8928 3716 5586 7590 1172 7325 5055 4805
2513 3022 4298 5483 7079 7988 8896 7573 4301 5914 1789 9421 147 1366 7612 9303 2621 6292 9441 5274 6068 1129 7642 3554 38 8487 6258 6362 5859 3254 1602 2249 9051 2914 2326
7118 1968 6708 3870 9850 3551 3844 2709 3725 8221 5861 1828 376 222 2611 8669 9789 5708 4946 709 3970 5186 8242 4316 1416 3861 6312 7105 3602 2857 5872 2281 8656 4652 4590 1099
8433 7001 2420 6346 3482 435 5028 7115 6452 7047 15 4347 5183 4585 6892 7174 6576 27 9742 304 2269 5823 6772 2794 8179 2542 2989 1777 9826 2468 990 7661 8843 2581 4336 7878 1609
2038 4140 9496 5626 5698 9592 9695 4742 3938 247 7470 6615 7444 8240 1581 5695 6850 6156 918 568 833 7798 4613 414 3187 1001 448 7159 9148 105 5050 2927 8171 7421 9599 8299 7786 8858
5805 3137 8184 3443 4301 6741 1146 8557 5921 4333 5297 225 4915 912 1966 4375 3650 9394 7710 5994 9670 470 4539 2714 4144 7087 6129 8757 3722 4609 5197 4683 1013 4011 4173 6002 2688 2455 1657
8446 8819 6602 1186 4885 8303 1562 3750 4856 8864 7441 4582 6709 343 370 1900 7384 38 1455 6046 5124 8076 9978 7549 8651 7689 2111 6135 4969 2533 3044 3390 266 8233 9437 261 7392 51 3430 7539
7310 5558 6336 1591 1369 7627 360 7457 7535 5912 8205 8824 9342 2534 5072 8616 1174 5572 3580 2558 6178 7291 4188 9415 3246 1161 3416 5827 720 8507 8029 4439 8904 2632 4188 8543 1026 9793 7572 9097 6628
1277 5218 8677 1216 6067 9932 2388 1529 4329 707 6845 4203 2168 4531 3947 5179 7846 7252 6992 1298 5640 616 48 3715 6614 4994 9691 6362 7665 8375 8969 7241 8100 1889 8156 7342 3098 9941 6717 4044 3732 2690
7597 6363 1966 3734 7973 1876 6888 8830 9614 9159 513 7152 9868 4082 9775 8679 7127 8522 3273 5690 7317 8540 652 4405 3126 5480 750 3441 3254 1346 4384 6711 8305 8924 5342 6417 8451 1453 4968 6575 1425 5311 2720
1931 6418 6288 1206 7613 177 9851 1308 5042 3749 6967 3456 1096 7006 4474 730 1043 438 4931 43 3481 7991 545 3533 3202 1902 496 2504 1512 125 9452 4305 2426 6929 6779 2683 3544 7237 8655 2105 1788 5315 1193 8360
5889 6255 4715 5089 729 9954 9512 378 617 8243 2989 2373 5077 8066 2158 1098 763 465 6063 3366 7797 2681 2907 6085 5886 5832 4239 1553 4549 8132 9857 7280 9842 7418 6109 8321 3087 7696 8612 3378 9606 4039 9809 9778 1928
3575 1763 418 5412 9598 4721 4756 6008 3225 4563 5618 8468 4577 1341 3075 2995 4708 1040 7788 3421 8999 55 7100 8421 7707 1788 4202 1214 5926 4174 2056 3784 7296 5869 9376 2367 1148 5002 2377 1131 6595 8877 9300 4894 7382 5842
1002 8727 9485 3254 8992 5115 6475 9316 4334 544 6670 4355 5689 7306 6096 6075 7615 5090 3771 9092 3159 3020 312 3667 6843 1776 5590 813 9 6242 9904 5710 9443 2952 6057 4577 6583 628 8920 9613 457 4101 2368 1450 5401 2009 6548
3622 4902 2339 411 1340 8122 2102 9223 1703 751 6258 7201 1954 725 214 1835 7145 7744 9986 7632 7834 9483 6339 7342 2531 7839 2110 3887 6391 6818 2293 7085 9173 7863 3409 5118 2803 9933 7844 2444 5953 2012 4476 7198 9404 5514 5606 2757
509 5436 3948 1710 8250 8300 4120 3290 5379 648 5799 5790 6583 7335 1122 3414 5348 608 8208 6570 8478 5049 7808 4075 8092 736 2838 9491 1731 2092 6638 2962 8788 5976 2877 5606 1861 2602 3150 4911 2953 908 465 9697 5099 1883 2952 1929 1083
4135 8260 6846 9037 1679 1329 7241 9879 8190 8661 9476 5909 6576 8431 3717 6366 9854 8446 1920 6290 6113 2542 7603 3259 8504 996 4142 6024 2814 2175 6592 1835 5546 2762 4902 1384 5024 9400 9438 8042 9115 521 4070 1112 8313 5664 5016 6535 9019 309
6117 9565 3352 8300 1726 3033 549 1105 1590 9001 604 4401 1492 5829 4174 6403 859 3575 5553 4354 1945 3049 6655 1604 656 1092 5040 6380 2636 5237 9980 7815 8734 2513 3172 1305 3417 6061 8788 7941 4415 30 7797 2428 9419 9364 7522 7819 8632 1594 6892
6712 5616 2138 1122 3721 3510 3237 8746 4598 9341 7245 2997 7827 5420 721 8528 7096 8607 6969 6219 8526 704 458 3635 5999 5572 8111 194 6928 7005 8722 4643 2472 966 5493 2278 3071 9792 8601 1311 1643 6207 933 3706 5769 8834 4727 4978 3926 1592 5201 5221
2571 8570 8440 7398 3928 9830 8234 2958 7136 2667 484 4086 3201 2168 7375 8705 3143 8445 3892 7119 8393 3616 3192 5343 1722 2493 8544 3059 9052 2850 1094 6131 1273 1817 7079 3321 1692 5235 1975 7063 8138 2168 7042 8071 7626 766 3937 1816 4157 7887 7525 5016 2660
8465 1314 7255 6720 8019 7218 2447 9750 1728 2575 3127 2196 3705 5951 6437 7250 9290 6866 3655 5062 8478 5956 6964 844 4453 4425 2011 5991 7053 4389 8279 1151 5297 6952 6532 4997 5916 8260 5197 1938 2288 9402 6637 3148 7721 2182 146 7048 8696 782 324 4343 1447 9052
501 2691 4500 1455 6237 1409 2785 9517 1104 996 5803 3081 7468 4802 1385 3048 7224 5245 57 7622 7911 5655 1044 9131 6363 5967 7383 7876 8570 4656 511 9546 3155 5903 6445 6636 5098 3710 4454 4292 4186 1578 2645 7388 2320 9192 5121 6495 5321 4990 2323 1631 5308 4352 5220
1262 9401 6699 5274 8997 5306 6397 7700 6332 9830 5937 4039 1390 7036 2596 5615 5834 143 7865 9053 8552 1878 3454 4200 3458 6767 8765 1953 979 6073 8930 9003 1874 2801 6967 6642 8132 9848 2613 7255 5172 3700 9859 3126 114 6572 4771 8064 621 5471 6090 7293 8829 6488 8674 312
4126 6011 3850 2539 5653 1809 7319 2528 696 2113 1327 4796 2410 644 5028 1803 5391 8337 5443 2425 3168 9426 3137 4192 761 5822 3565 4567 777 898 2875 2671 8922 8504 9639 5194 6317 4470 8762 1224 136 9984 9732 4725 5097 8042 8286 7349 5027 5047 3058 4697 5637 2981 2837 1219 7915
8683 1073 8078 4880 8663 6004 3279 5238 9291 9740 753 4842 9960 4904 9552 301 3568 750 9630 532 35 6478 6962 8087 6746 9604 5438 1316 2109 4918 9105 6483 1516 5128 4327 8363 4862 2336 1141 532 8651 3252 2627 3715 774 8889 8836 7860 93 7286 7335 6088 4694 4616 2559 9432 8367 1544
3913 1881 6373 215 4709 2999 1496 4888 9049 9696 3212 7440 8737 6123 1413 4063 9580 7478 9256 1787 8897 2429 2299 14 2011 2572 3340 4130 8176 3986 6494 7923 1438 9797 6761 9440 3532 8113 2503 7266 6922 159 8035 9191 7706 3399 7067 3456 8195 9245 3183 5501 5274 2192 508 8687 1221 5303 1482
5252 3216 7088 4878 9262 7194 2461 9930 9281 1120 4095 4 4191 9620 5960 42 2165 278 1767 7444 1876 5094 2571 7327 8798 8085 2872 3427 5181 8965 3488 1777 1617 798 9634 9913 8272 6129 7688 4468 7924 663 9928 2386 3114 1403 2281 714 4241 1044 2087 6045 6327 8389 448 9096 2294 6165 7140 2189
1643 8692 5223 585 8497 4811 9823 1285 5875 943 8613 7539 4911 6377 1108 810 4269 8766 840 5347 1628 4198 6697 9606 790 2370 1892 3002 8272 420 5394 568 9930 4514 1055 3840 8032 3593 1480 8411 6055 825 5469 1917 3488 9971 2648 2776 5403 3328 6503 1339 5440 990 3970 9527 9641 5494 6036 6724 1656
1698 4786 3105 2530 9886 2970 4797 934 5175 5198 2261 6398 2533 2791 9441 4133 4382 1427 6083 8831 6800 5002 6232 4726 6794 7181 8456 2002 6717 650 1910 8431 9655 4371 1858 461 5267 5878 7141 3944 3270 6188 9770 6943 8177 2749 408 8548 5267 8653 8310 3238 7162 9544 8575 3842 5383 3752 6954 7183 7764 7123
6735 1654 181 861 3764 5985 7556 457 9241 7717 6980 7223 9742 5415 4746 4523 3226 704 7312 2459 8956 5541 5083 3218 2830 3764 4804 2445 9496 6712 6986 6186 7331 9013 7904 1389 3594 2138 2756 6519 8359 5215 986 9675 5265 3352 2444 6125 5234 9828 804 8690 2183 8061 9982 4966 560 9541 788 8263 762 5591 5050
5046 6087 792 6499 4790 279 7424 5697 8063 1953 489 7451 8130 5255 1041 7898 9626 3400 3957 2604 3712 445 1951 1763 2615 7903 4239 7225 8432 9288 3339 6575 865 2138 3762 1175 6732 7751 4532 724 5784 5689 4 3034 4573 1370 9424 9775 9387 4554 9350 1793 7536 5113 3163 6812 7685 3242 6416 9876 7175 7196 3736 770
1066 8408 2087 1472 956 721 6990 8702 8660 1217 3546 9669 3461 3461 5242 5690 7198 3625 8764 1877 9538 4250 5660 4925 1270 371 1009 8039 5943 7919 5719 1374 6353 3839 9250 5772 5599 9122 4220 1358 8639 65 402 2903 9438 6483 9134 7467 5727 9175 9708 4741 8212 7491 1909 4487 2557 590 6397 9933 7967 4807 1823 7615 7816
1409 5244 6044 5291 9303 6207 7233 7652 1013 4681 5341 9200 3154 655 6948 3656 5223 366 2426 3152 3363 7125 6747 6240 6470 5801 2912 6451 5531 1932 4234 5516 940 1344 9340 6890 9514 5502 5860 9214 8280 6263 3468 5388 3000 5276 1075 5638 4068 3959 3882 4770 6693 3606 121 5794 377 8889 8040 4276 3343 4962 9147 5215 5074 3061
1130 4026 7370 8270 3886 5352 1561 7365 5202 280 6778 9949 1905 7079 4951 9661 2246 1507 7117 9382 3681 6212 7249 9575 4650 2481 1131 3498 6436 1347 4720 298 7038 8038 2577 5913 2227 2088 3034 2151 5211 4058 9177 9517 5094 8122 6823 919 4117 5038 7594 6172 1633 4503 3124 6408 1940 9923 4390 1536 6657 2141 6423 8129 1880 3359 2786
7749 2538 8519 7739 8305 9046 8829 7192 8435 9214 2731 3167 7411 574 9474 7248 2624 9428 8755 7297 2163 9374 8002 991 4181 5527 6141 4022 41 4955 8268 895 5811 6567 7316 1887 1633 140 7215 6899 4763 6102 4366 5660 4879 3963 9079 2397 2425 3917 9613 312 8804 1644 3872 8674 687 8996 7938 5784 8317 301 9322 170 8063 152 1159 3763
5885 3961 4564 5616 6510 4831 8889 5071 4603 453 6781 4416 1179 8559 3768 1868 5515 1588 8235 8098 5404 4907 9218 2457 4101 7058 2446 3642 3286 8166 6443 8818 7545 1424 1321 7071 830 5765 8968 1154 2508 1438 9669 4412 2976 3971 8234 2724 1968 8767 5631 5480 777 9695 8782 8656 629 1758 4781 3089 5682 7528 1594 3909 3266 7556 2966 3561 1921
976 6680 2097 2145 5804 1657 1335 1365 9166 1784 7680 8207 6596 3783 6796 804 5360 5574 5342 2367 8504 6419 8833 6546 3490 773 9851 4557 3029 4903 7104 1190 9156 4293 3482 6327 6388 7894 4581 8666 2589 4631 2443 3391 2899 6910 1731 7499 4985 4435 8409 6987 9463 5933 9775 3430 1578 2475 2908 8662 1790 5768 8799 3078 505 9075 1486 1970 4070 2492
9348 9481 2950 1540 613 7988 2878 2022 9725 3884 4032 8006 2840 8355 4841 9842 784 7267 4332 4879 9159 698 4080 6783 5208 1 7793 9324 5497 5982 5201 502 6579 6754 2 5955 7087 9226 9770 4043 8359 1026 6857 8314 1701 8673 4864 9334 2975 3174 8131 5162 2776 6800 5701 1116 7006 4861 267 2076 2145 4899 6316 4473 5295 471 5893 5990 4145 5861 2354
4061 1242 2045 5720 3063 6697 1761 270 1806 4989 2027 3722 6542 3133 305 1689 2272 892 3656 3003 1246 4147 6934 769 626 1440 372 2286 968 1562 2422 4219 1636 2256 954 4871 7842 4287 6852 467 48 5481 1862 2773 5577 660 10000 5295 201 2347 260 7608 4724 8402 1783 2855 177 4503 1869 855 7493 2514 6266 6132 7104 6026 9859 5978 7530 8956 9859 5457
6835 6933 1389 7418 6975 6989 9746 6622 6876 7522 5009 5985 1018 5653 2718 8384 6756 2395 3026 8044 6463 6066 7511 1420 3336 740 2056 6535 7650 1803 4923 4868 8218 581 820 5004 1845 7644 594 1183 5171 6417 5350 5630 7985 5758 3416 8515 157 6116 4927 6945 4687 6442 8430 9547 8666 8460 7205 8444 712 350 2467 838 6888 3289 422 2969 6399 1751 7327 5850 6136
917 6981 8264 4803 8586 5553 644 6780 293 8067 1605 797 2008 1631 4659 6565 6550 809 268 3626 1859 8165 8124 761 2309 2267 4069 5392 5280 5333 8652 9878 7734 788 8008 9812 8963 6395 8392 845 2376 1229 8161 5826 3181 7324 6705 5553 999 8372 6117 2792 1261 3511 30 9890 4758 8006 6011 9662 1862 1608 4043 9465 1033 4622 3287 4603 4337 906 5815 6218 8951 7776
4738 1342 1406 9034 4307 5968 5543 9882 7832 220 8240 7065 3475 8354 7839 5969 5992 7121 4564 1202 670 2469 9487 4231 8626 7678 5376 1762 8027 7694 1402 8963 5305 3356 1432 393 4779 6716 8986 87 7023 6439 9783 1124 4685 3301 2762 983 4848 6816 3073 4717 192 2957 186 5788 102 2630 3516 5564 475 6423 5533 9528 4986 524 1368 9016 105 8761 448 9001 3032 8855 4456
9414 7372 5598 2087 7738 2228 3792 7002 6678 9837 3362 1776 9945 8989 1113 8859 8070 3017 5289 5300 7614 552 5916 6976 2795 2631 5140 3962 6977 8669 466 10000 4355 5434 8609 4529 4345 3626 5862 1948 7947 750 7504 939 3849 7122 8940 7383 5746 431 4886 2380 4363 1009 8562 6990 5100 4324 1778 1752 2175 2599 2272 7695 6981 2789 6067 1475 8481 669 118 2393 2612 5702 9139 3902
7520 8977 2581 3514 3250 5956 6291 8927 813 5982 2063 5320 9808 2220 7534 9755 6433 1928 890 1960 1892 8690 1266 2614 8365 7685 7713 8229 7628 1217 4777 9387 3851 7166 8670 3258 2238 1148 3474 822 2947 2974 499 9299 6574 2626 7066 6747 7118 3852 5342 5958 1373 3431 6463 523 7620 7459 9821 1726 3700 6608 7459 1109 5657 3458 8174 2686 4878 1497 9790 4206 5596 1535 9889 3017 6932
6757 8244 764 5619 2117 1859 4873 5136 1058 3093 1879 1368 4962 6905 3013 2449 8004 2480 9477 90 268 7197 1998 5989 3403 1047 3928 5372 9964 9407 2133 1208 9259 7379 8804 719 5253 5709 4702 7826 6466 8250 9663 4130 6231 7850 4918 7342 4089 9748 7280 5420 6483 9015 7661 7811 67 8589 9138 7394 961 4995 3132 1862 4536 7639 7685 3846 4162 5238 4351 3862 7371 9653 2069 5653 5788 8434
7706 9762 2609 4381 5018 4789 9458 7291 4457 3956 9212 3300 9017 5250 8991 7829 2975 7981 8670 3083 1087 2153 1759 4890 5546 7430 4610 3994 1237 7471 326 1747 7952 1313 686 7620 2676 7973 3126 5588 2108 8850 3174 6276 7240 7720 9519 8234 2627 5244 5197 9009 4064 6871 8144 8033 4247 4148 5285 8660 821 9490 9188 19 7400 1446 8645 9292 7437 1548 7357 9942 6789 3442 4529 7327 7024 8785 3028
9977 6442 6557 5147 994 9535 4724 2644 354 6089 1626 3589 2693 2820 1783 4207 201 7459 8975 4083 789 672 9005 6532 3152 1979 1828 9536 2450 1716 2655 5881 8435 2012 3863 6179 6394 2814 219 4646 5072 9079 443 4112 4876 5930 9104 4066 3782 9179 870 674 5252 7827 3461 9418 490 2449 8387 8817 3665 8661 4135 2708 9555 3193 8127 3591 9333 2000 8239 8715 3379 8235 956 6372 8353 1224 5610 3910
347 5904 8320 3245 8089 609 6290 4168 7138 899 1027 957 3568 506 6614 9483 2706 8443 394 2179 6154 4295 4666 314 9325 2129 2056 3532 3727 9616 3972 9928 3568 1059 1607 9421 4511 6794 7460 5093 3195 8565 9331 402 7452 6537 9782 2119 5835 3254 5788 6492 7045 6113 326 9830 6893 2844 4306 8169 5914 9164 9124 378 3296 6347 8091 8402 5140 4108 4960 9144 5791 9830 2850 1955 3237 214 9850 3939 681
8066 4116 6197 7366 2497 9490 6073 5200 1770 2703 235 7163 9284 3029 3629 7094 2447 9092 8212 4769 7708 4300 8674 6658 9574 5815 3167 1198 4971 8900 8659 9127 5331 4840 7534 3650 9258 118 8953 8340 6192 5816 2613 3468 7223 6250 2937 1719 3295 2990 2823 6726 1165 8333 4165 5495 6219 6951 5936 4303 5793 4040 8652 1568 449 9084 6169 1963 5561 8676 5398 3258 2491 1598 9099 8831 7273 8091 2968 9530 4427 1331
9460 5223 8515 8307 7850 5141 5604 6266 8999 6054 3669 3756 7853 8958 4716 3473 2255 6218 2003 8729 575 2789 8409 6206 4280 5017 475 7294 9992 7160 6659 2896 8010 7967 5512 8884 4488 1458 2926 4037 7403 922 3373 1741 799 29 1712 7884 3239 2734 9351 892 4519 2314 6630 2187 7297 1198 3630 2615 1661 2136 8291 7148 9621 5072 4249 6260 6133 8125 7773 8462 3890 121 1964 3930 8154 2181 2725 8790 5916 2046 1651
1796 5668 370 1507 4790 3695 5313 7882 118 2468 3635 2429 8999 4402 7875 5863 9766 7986 5635 8167 6270 6324 8551 9466 7134 6477 6736 6872 1353 2565 3031 5227 8943 1174 5409 4329 3386 3096 8020 5619 7103 6106 9743 1657 4564 1513 3513 3444 5607 8129 8736 377 4169 2711 4306 152 7943 3640 6761 6472 6363 9142 8209 8108 6476 96 4474 7426 5825 5588 2711 5501 1073 610 3229 1537 1170 447 4522 4965 2036 9023 8054 5156
1009 882 3801 5335 1981 2474 3379 3259 8953 8927 8405 7114 7198 6934 6458 8796 1213 6587 7409 3344 9473 4848 3095 1203 7246 1594 662 8946 6817 2609 8152 2557 8238 1952 8637 9614 7639 5595 837 1091 144 2704 8569 767 4509 4699 2970 7121 2041 7850 8413 3920 8574 1578 6632 6803 7641 5761 6415 8194 632 6128 3318 9916 4173 3418 7823 6340 2683 5004 1570 613 115 4846 7458 4189 1169 245 699 5930 6610 6171 8159 6925 6132
612 4901 9451 4283 6573 1718 7892 2305 4400 9053 8051 8622 815 7154 9111 2914 1966 5540 5550 8025 4028 1568 9718 7960 7767 6275 9691 794 2968 6933 1642 1915 6376 5698 187 7517 7700 1290 9366 8783 3710 5546 5303 9657 4978 1499 4072 9125 2969 2480 8767 790 1387 6319 3983 8320 9640 6372 795 4892 8812 2261 2531 5333 976 437 788 2792 883 5271 5745 9719 6178 6509 3647 8735 3195 9489 3654 152 5406 5819 221 5210 226 1069
378 6119 6000 1264 5189 8826 9862 3134 5481 7510 6207 4456 9501 6047 1364 3347 8542 9196 6595 3728 3479 7339 4525 8131 6743 3552 9152 6256 5230 1356 2555 1554 6113 1384 1298 3844 210 6758 2708 1858 4236 950 2422 8079 3789 1770 6792 5664 7535 1064 7178 793 3596 4462 3985 98 5611 1915 7118 5947 9033 8736 8500 6717 4980 6403 7886 8673 7402 6674 6207 3049 7374 8190 8268 2139 3030 8012 2699 8924 6232 2477 1468 5639 5493 3266 1763
2477 1002 1060 9454 1784 9311 7967 3830 4232 9921 5875 276 4678 5224 7185 9723 8893 2518 9032 496 4571 9430 7036 4303 8240 3647 2319 3177 6704 5597 2634 9596 246 2775 5115 2805 3529 9061 4932 3858 6274 4657 7416 3746 2909 7133 6091 2737 5625 2274 1417 6184 2213 8384 1838 2089 1818 4485 3178 4991 4594 8596 3970 5965 1897 6726 4346 8882 6921 2812 9889 7279 5832 8273 961 7266 4707 7162 1825 6075 6554 9888 6445 8475 6492 8113 3542 448
98 7363 5000 3191 4773 9286 7167 1228 9651 841 7992 1987 8371 2081 8922 8164 2037 3411 8902 9338 6038 471 3575 4551 6118 3698 1511 4074 5390 3579 9493 8966 6970 5660 9382 1083 7426 6472 2746 2062 176 1568 8183 5938 9162 9782 6099 664 2039 8325 8878 5418 6259 219 1426 8711 9308 9463 2476 3503 351 2149 9237 9808 5272 1984 6681 1385 9127 4802 4254 374 5478 7995 611 8536 4137 4704 8545 6855 9459 4449 8375 4463 3749 8411 1261 2401 470
2574 296 1709 9585 3832 8928 9516 8450 8790 2195 8966 4492 3614 7056 1048 9064 5515 3932 5076 2011 4329 2730 8104 3964 9564 7849 7853 8471 856 551 7482 2034 5614 9522 4050 2454 7959 9425 1441 4972 4706 4129 7449 9697 4294 7698 2214 3438 6607 6142 9830 6411 8056 1274 5145 4584 5786 3719 9 8663 7424 8748 6641 2187 3181 1544 3440 3535 2526 1480 8291 8636 8665 2701 9109 5021 8429 2047 9648 4151 1982 2152 7497 7962 9701 734 5001 9952 8154 3716
100
6090
5891 5260
1593 9465 8035
1199 8622 5472 7153
2250 5758 5268 4495 4134
7937 4494 5215 9967 137 1981
7061 2855 7193 3757 5838 6646 5571
1835 4055 1412 4530 3344 9656 9719 6706
6480 7579 2225 137 607 1884 6324 8183 8397
2061 2439 6138 1074 5402 1305 3901 1992 8067 8252
5600 5687 268 6642 5259 5954 4741 2996 3690 7012 2636
6 4408 1245 9502 536 7664 3221 9181 4892 1653 7000 9153
3026 2182 1837 1569 8732 7830 6754 1848 6591 7059 9985 7262 4922
3821 8031 4996 2144 5393 9448 428 3474 4059 8886 1166 5139 409 8510
9126 6698 9032 1487 3959 1394 8686 4580 9576 6207 1418 5143 7951 407 7764
9750 665 5498 1035 3237 4675 2497 3109 1929 1267 1510 2143 2363 1296 5900 3609
987 6090 2182 310 4642 1212 9889 7598 3370 6557 7639 3132 691 8754 2622 78 8666
5997 5849 6419 3606 7760 4482 6243 93 3371 8133 5063 7927 4545 5748 8725 2945 7536 8531
7486 1401 660 3611 1992 6003 734 8984 2710 4229 7068 5389 9964 9575 2980 4438 230 1974 448
669 5337 112 3135 4295 6923 3 7080 8001 2720 1164 597 8749 7183 6779 3411 9872 5068 2019 112
2159 7355 4569 5724 7676 4436 114 4555 798 6868 5867 3053 278 3136 5254 3957 8069 8958 1037 9886 4970
6222 7999 2612 3236 5955 303 8469 7236 6319 4089 7587 1758 3447 971 6621 8490 4635 4554 9367 7874 1221 8915
8794 4282 6285 133 4722 954 7538 1131 8085 8950 24 3526 7249 2122 338 4640 6601 2717 4217 5409 7520 5665 9996
4048 7468 660 653 7615 7725 4224 1653 8989 4734 5858 6737 3691 4584 9707 2460 4660 4997 8354 6020 3076 4816 8530 5748
8440 300 146 7617 3003 5479 488 1540 6741 7339 2073 8904 3565 8983 7612 15 5406 3403 6239 8084 5203 3277 9738 9754 8479
3051 7164 7403 8558 798 237 6164 2395 9763 7562 6154 4867 5692 8966 4367 6008 3647 8730 2181 5039 3972 4826 1692 2700 7673 1446
6145 2040 373 7234 2937 6649 521 4718 3080 4160 6232 8616 5567 9825 2835 9369 4107 7167 6930 8307 5249 3865 480 2766 9727 6813 9008
1955 7366 4784 8585 123 7073 2896 3683 6241 8212 2180 767 9892 945 7889 5115 7143 4746 7888 8165 3763 8519 9568 8517 2573 4064 306 7835
6258 1701 7646 4921 338 5473 9144 5479 5911 9235 5666 8668 3144 9 1521 7660 3675 3945 9185 4016 8988 8641 8142 9209 4710 796 6267 326 3772
902 6942 6580 3224 5578 7888 7792 6023 1756 7570 7693 717 1165 7642 6648 4184 5361 8266 5546 4444 9736 1783 8114 9580 8733 6385 9711 3241 1771 1625
9138 7213 7633 1407 5842 3852 1962 879 700 137 2207 9734 9697 6038 5487 194 8120 1241 3774 9056 8133 9305 8569 655 262 6593 2553 6283 3734 4329 9420
8272 4209 1353 1193 8354 3346 4226 1789 1757 6069 2639 1111 5115 7361 18 1068 6452 9878 3354 2149 2183 1458 3232 7023 2453 8216 7042 8011 8799 3012 7612 9684
4028 6508 6273 9279 9299 9260 7387 1580 3520 8518 2004 3738 9809 7303 9700 1936 5395 9954 6741 1785 4100 9872 1860 1387 5996 25 3557 1964 9541 6329 6211 924 6772
2920 6861 8591 2770 2978 909 3217 4865 6405 8584 5351 5112 723 7539 894 4112 5919 7110 2596 5187 9124 1551 8368 2679 407 5946 5348 2325 9796 6538 8225 4658 8601 5524
693 921 9639 3043 1334 1776 7756 698 1676 4430 5151 4396 504 9819 5121 1841 7812 6198 6150 5013 3289 866 8147 4432 7743 1290 4954 9944 1843 948 3107 4744 2058 2113 9619
9119 7410 3370 1712 198 9631 1332 2228 8258 8478 7917 4187 4358 2158 6929 8520 9687 8970 962 4133 5745 246 4159 7097 1112 1321 7502 4921 4732 1716 5390 4668 1843 2275 1206 5360
7 8954 1576 6559 7882 1276 897 7089 2516 3239 122 7522 4045 5417 9563 3214 8679 5741 8312 3847 9556 6513 3651 3220 6861 1115 7285 1731 5351 882 2624 6496 4360 4079 3650 6361 8595
1956 6602 3858 8822 5468 5991 7379 8914 7652 2944 6346 9568 7437 9085 2963 3174 5681 812 9701 5242 2803 1653 1556 9323 1373 7051 9071 1293 4833 2476 4111 9626 1609 7184 9908 3016 2228 6761
8833 6300 3160 9309 2742 4197 7765 4446 5879 97 9217 7647 7110 1766 6858 7325 327 8760 9977 3275 5351 945 3575 4808 5 5288 1228 6739 9028 4470 1667 2733 4246 3207 7680 450 5218 6368 1677
4991 5228 2778 7211 8191 1413 2154 9387 486 9574 6774 4426 6349 3442 1494 4179 5135 8586 9190 2430 8548 6819 90 4327 1263 2704 9512 3410 727 2517 5306 7096 6265 1305 1246 237 303 142 5097 7907
5633 1473 8369 184 7522 3805 5324 3904 3378 4119 7268 819 913 230 3923 2822 6539 5762 3602 789 1054 1175 9468 5177 6621 8034 7409 7206 7878 934 9640 4320 2139 3356 466 2843 7652 8499 6309 5591 5167
1037 7743 5962 2624 3464 2640 6341 7402 2853 7194 6890 2195 6577 8617 3301 1921 3345 7354 6570 1164 8566 6294 4268 1961 8162 9153 5328 25 7981 8438 3158 8373 7662 343 2378 7193 8557 5195 210 3909 3221 6764
3610 6556 3293 3353 7154 2493 8859 1078 478 9741 4779 350 5333 6040 1878 6719 9193 6434 9979 7972 1698 8223 5915 1549 5909 6362 59 1251 9943 1060 9875 4179 4121 5353 160 3101 7931 4458 5815 8083 2303 8139 3105
8208 1332 6852 2917 7402 6959 4073 8144 5592 7697 3085 1758 3307 3041 347 594 6881 593 4934 4738 3161 5327 7713 8622 7218 2804 3913 5078 4658 3893 3819 4456 3809 6815 4876 6885 7990 6514 5602 6923 39 7948 4953 3548
8598 5898 6487 239 9883 2512 3372 4561 7480 1516 1685 7931 1942 2219 5617 3287 6132 9492 9545 9392 7737 5976 4368 6260 9473 8920 9771 6936 2220 4973 6647 9104 1820 8841 6415 1811 8626 8512 2067 8247 888 739 3289 8854 9383
4601 235 6629 5926 4816 1333 8110 8074 6174 2809 8303 5587 3566 6265 9617 3592 3648 8644 357 1181 3582 1488 624 2131 589 1617 935 149 9472 9568 8454 4990 2172 6681 4159 3692 8885 4831 4469 3060 5035 3504 6262 2990 238 3918
5482 1328 8835 7213 5787 7970 3894 4957 5727 7269 2735 1196 3919 9123 7380 9226 1209 4352 6898 9676 9674 8791 4489 7104 207 9902 8934 181 7980 1075 5865 9664 6966 2693 4547 5981 6330 3872 1365 9263 9936 8882 1253 9267 4319 4010 3660
8841 573 2073 3696 3579 7031 7459 3314 5185 7391 9869 6917 6866 8176 88 720 1746 3554 2930 9275 2385 3692 5334 1522 4419 9560 2128 4735 145 9751 5157 8299 6920 8267 2115 1657 1101 7807 2377 862 1506 5996 5950 509 4889 1661 1163 1499
805 9733 1059 1139 1080 9728 3749 7587 9156 8971 2815 7512 4898 4148 3623 4337 889 1528 7601 2571 8301 3385 4504 3927 3012 8385 1033 7176 5084 2906 9340 9031 2636 3611 7039 1763 3109 5930 5098 3598 2697 7661 6560 5643 4464 1800 236 7535 4801
8910 2644 1764 4387 170 6705 8152 7912 3968 8115 8286 4150 7452 6407 2886 7229 4928 8579 3753 6892 314 9952 7930 2916 1215 4372 779 6293 3307 103 1156 6639 4870 4289 4853 1795 5762 7822 8201 3326 9045 7670 5796 5840 4123 2322 5659 4164 1887 269
2134 3543 375 7385 8024 6572 9541 7302 4194 2132 865 3244 8842 800 2145 9361 4505 8658 785 2932 1014 2231 8653 3018 4577 5963 9305 6498 6169 3733 3880 1337 5641 7347 3860 841 4969 2992 5013 7440 5351 1816 3968 3841 1952 5186 6528 8186 2086 8458 2099
2482 105 823 8528 4810 4436 2567 1048 9254 3125 4201 1882 7523 6667 4203 6554 3223 3973 7315 2006 1158 8666 5419 8599 9398 2289 9335 5587 1474 7006 9393 7422 9518 472 2539 146 4066 8450 9401 408 4749 893 2788 820 2540 7566 3101 3522 546 2254 572 474
8433 5458 3526 8877 5910 3653 6530 6760 1192 7527 9661 8277 4411 3256 8932 2378 3719 4298 2336 5673 9976 6913 1484 3987 8524 6634 6929 9409 2052 3203 7056 2774 6328 3456 6270 2228 6554 251 6318 9619 635 2208 2043 7116 1951 6365 2948 2806 7862 9877 3442 8668 312
999 7682 1286 1232 8150 7929 460 6294 1292 2316 6956 7877 2947 7075 3362 766 2914 2141 2295 622 1996 3640 9458 4039 7661 4795 5753 96 312 1474 3376 8241 6743 4460 3632 6449 8993 3014 7260 9805 621 4605 5865 4686 4700 659 6172 8134 5552 9583 7927 444 5836 8145
1236 2921 1999 3793 9026 5518 606 6699 2521 6404 6589 1141 4129 3549 5365 5321 3454 9138 2883 2922 4008 9984 5883 2245 9295 2593 1207 8271 7344 2886 1988 9731 3434 8577 3085 6652 9902 584 5642 5538 4406 4478 8770 6676 5784 8368 598 9611 9746 6336 5592 4157 4342 7220 2760
1220 8887 3070 702 7476 5209 8274 9552 2301 2740 2754 142 2258 7715 3790 8773 8312 1040 4690 88 10 5909 9422 8561 3889 2459 6347 3860 4247 2154 5470 4450 8722 1093 2033 8624 9584 9845 1026 9873 4752 586 9292 4433 7558 1563 9167 6312 3473 5083 4247 8659 1896 2015 3898 4214
4849 2700 385 5013 2371 6928 3694 4262 577 2228 5088 4471 5220 1105 5460 5192 9905 4234 7837 1647 7371 681 653 6396 2674 2940 7721 3398 5144 4297 6373 3372 8543 7334 9896 4097 5275 1679 647 1258 8083 1087 9955 1621 9665 2386 851 2175 900 5275 2718 2951 3136 6058 1775 6363 2706
7549 4415 8528 7834 9121 4079 442 2048 8139 6473 7943 8609 4030 4242 8121 734 2356 2364 8493 4733 1363 4579 2884 5021 4366 5938 7916 8348 971 4290 3893 8313 9729 6368 5806 5184 4863 244 7289 2721 2553 4822 1587 3825 4864 9636 2761 8673 2289 5436 4637 1365 5878 8167 1696 8267 4779 1908
9990 2023 2819 4334 8619 9253 3950 6092 5882 1392 7847 3952 9408 1491 9263 6502 5211 9212 937 7537 7562 3551 4519 7197 1244 4022 6919 5055 350 1990 7282 9897 3140 3003 1853 9951 4255 7539 248 7535 7103 121 5208 7006 6346 2078 5175 4265 9408 5536 1477 9650 4313 2661 5671 9210 4225 6655 3542
4383 7687 4816 8749 1853 6439 3756 5520 3036 9962 3854 1871 4641 5442 326 1748 3276 8384 8088 5589 8208 9724 2312 2865 8681 7856 1155 5554 7049 958 6780 1209 2438 582 4262 537 2336 7030 9986 463 8901 7401 1035 4250 3646 4652 7756 1872 5239 3598 356 6259 4815 2036 8384 3520 3885 7474 3573 9671
1090 5447 1766 3123 4483 9662 954 9948 7002 2864 8124 8212 6688 7196 896 2635 9655 4030 142 1295 34 9094 3320 4912 2011 1469 2508 5455 229 7808 962 8116 5222 110 8509 7383 9704 4302 3364 577 7048 5618 4922 706 8617 8675 7843 2084 8471 1657 3607 7898 454 2771 5537 3121 996 1594 451 2880 7094
9366 2318 7724 9307 5823 3724 1083 5039 1592 5541 3703 2365 4845 9690 7329 4434 7981 6810 7246 4666 3979 182 9617 8402 4701 12 4057 9532 9582 9728 6673 3335 9618 8009 135 7998 1894 8122 9530 2158 4119 7335 9436 1151 5790 6175 4635 3505 2181 7604 7018 3965 7666 9404 6325 3857 5132 133 3242 5962 5621 3835
118 374 229 7555 8536 7944 9578 2098 3692 3341 6849 1448 1003 523 9529 4337 7909 1763 2400 7922 7382 7392 7744 473 2006 7684 2118 1740 4157 1745 5002 5082 4726 8152 3376 4971 6655 6918 3042 8234 759 2040 7807 7273 8086 8368 7069 9532 9887 5833 2351 8024 1400 6742 5962 7873 1651 9654 6361 5649 9445 5454 8985
585 641 1119 5039 4504 3855 3070 3196 6799 2111 599 5545 5346 8754 9590 8392 7268 6745 3555 7662 7149 3232 6846 7140 6701 3064 8543 7840 8414 5617 5589 1356 3139 2138 2605 2779 545 4139 4615 7679 3805 5142 3843 9910 4735 3687 5294 9535 764 9849 1644 534 7831 71 9957 9505 7987 3671 9649 4856 7767 2467 6840 1333
7457 6302 5565 2143 5694 7276 9466 2973 4239 4247 2996 922 6843 1867 8580 7489 2206 8015 6632 2917 2468 91 5872 3043 3429 1401 1935 1746 2488 1605 6233 2313 5583 7439 7361 313 334 4014 6083 7194 8379 2734 5445 7019 8854 6166 2854 8850 4113 4623 1018 9980 892 7660 1596 1212 7323 8881 4547 4856 5365 8672 3226 2088 24
9866 1819 3943 5372 6166 5648 5849 8400 2882 6172 4548 3697 7021 9979 1793 5420 4578 3814 3163 9056 4764 2323 4484 7168 2149 2497 4153 1234 6512 1816 6903 9351 3048 2674 6190 6107 9255 2754 7608 6595 4426 8844 9280 332 4464 1761 6034 3984 5069 9729 5459 7908 6721 8651 2975 2790 6009 4491 1316 8614 6087 3206 7728 5852 7731 223
3845 5535 3016 5706 791 2834 813 1779 4927 1 6951 8433 7455 1399 7752 7603 1359 6145 6003 5840 9770 9023 4658 911 2363 9740 662 3610 6240 7149 6527 1078 5743 24 58 5133 7516 8027 1571 6469 6397 5811 9783 6377 7168 6402 1987 193 5636 3037 6302 3814 701 352 2503 5968 7430 7359 7914 4767 4804 6620 34 2382 7066 5565 730
5949 9758 3373 7178 3790 85 2239 5430 4175 4875 2041 9916 4984 2731 394 8684 490 4161 5045 4647 4146 2980 3132 7566 1473 4329 7922 5922 5312 847 9388 8907 5202 5715 6703 4021 6238 2304 2116 4568 3511 3599 3229 9095 1367 5189 3011 4072 7508 2205 7540 6244 1713 8002 6993 7583 4322 8327 6623 7853 5777 2227 1929 2989 9917 3293 6934 1094
3690 5914 5619 4110 7926 2783 6768 2704 5932 1094 5438 4136 7514 7141 4779 1090 2829 8822 5526 8879 8481 9508 4788 9152 3787 3603 7186 1180 5597 5046 5216 6333 2514 3117 7907 782 6746 2656 1830 6449 1347 8236 73 8094 2743 7272 7257 5245 3960 581 6353 5714 5707 6748 373 1496 8503 4438 1861 4901 3447 252 8459 3754 6653 8993 166 1887 8447
4166 4569 7833 8239 9116 7021 5534 4009 2857 9233 5725 3957 8437 5832 9195 2713 6784 8950 1687 9708 6437 1346 7424 7556 3615 6823 8352 2200 3183 3931 5931 5927 768 3229 959 6209 7893 9463 260 4120 6874 6205 115 3622 3335 3015 5488 8153 8098 567 90 150 591 7114 2490 6604 337 9380 2071 3195 3571 2974 4380 1300 1062 8345 2028 600 989 6851
8383 5053 4265 2498 5035 2698 9425 8841 996 3906 5666 2538 9335 9310 1354 4005 9493 7142 7110 163 5456 5762 6728 4985 5059 9285 8960 6043 2405 4405 7896 3840 5731 873 1752 6058 8415 6667 7352 4231 6277 8395 5734 3084 6329 2111 1113 2492 8031 5350 3669 1257 4349 8194 7222 2157 3278 8483 7025 9707 4418 7288 4948 6621 8197 7574 3435 9522 3890 4413 4994
3454 3915 4001 9384 8348 3667 1513 7423 8499 9110 3076 4698 3900 1764 9870 7187 9136 4642 2326 64 4661 41 2603 5617 8314 4880 1908 7205 6871 673 4806 3478 4852 9454 7212 6112 9475 6610 9371 3034 3536 4988 6088 4489 3530 5177 3178 9548 6936 2472 8724 5085 2015 1789 3651 169 5793 3053 5449 6382 9915 1022 583 5276 1650 9850 9827 7394 3192 3659 454 9690
887 3025 7327 3358 7808 770 1432 2163 3098 9377 9229 7823 2039 5682 5653 5285 2425 9003 1498 9622 8036 5679 5565 1033 4558 2836 4422 5458 6597 8846 975 333 1687 7477 8469 6784 1318 6305 2238 6999 9984 7555 6540 415 1177 9519 4149 1712 2550 5815 761 9644 521 294 7634 8046 3559 5952 4294 7880 3485 6594 1928 9687 9790 1261 9304 3339 5601 2781 4630 2849 7747
6788 7009 7764 5561 8825 4957 3729 2278 8074 8326 2088 4212 8271 5980 9405 3261 2436 2333 5385 1273 4889 6749 4557 4492 4675 4877 4518 3957 9748 7987 4538 307 8506 2718 5087 4148 3181 850 2371 7681 5924 2463 7469 4115 1320 4595 4702 9458 8 8124 3928 1573 1909 3555 7647 9296 7019 8680 3872 4131 1022 3754 4459 8279 9823 3084 8953 4412 3798 156 6188 3674 8393 9455
2050 9390 3915 9630 6256 3715 3439 3254 5108 6247 8540 8208 2727 6749 5627 7494 4013 9878 2377 547 2825 8150 7039 9291 5658 39 5675 991 9620 3795 76 4613 5050 8447 6785 3184 5114 3217 5867 4275 9395 9538 6439 7450 8517 5188 3327 8691 8916 797 987 7032 9668 7419 4595 5548 4482 6775 6137 1169 649 1722 3604 2914 518 3054 2252 2626 58 2755 8549 5209 1669 4792 1183
3131 4004 44 3992 3975 3720 3279 94 8199 9315 4276 4885 4703 7360 1525 4 2444 3570 3241 6896 7198 5071 4668 9632 6212 8403 4751 7390 704 4403 2954 7596 8032 8599 1442 6049 2907 4136 1388 9570 8374 4414 2609 5892 6001 7036 691 4975 2040 3597 8953 8991 5907 9474 3783 6184 3404 7628 4562 6749 6844 488 1993 7961 8075 8007 1664 9553 3363 9536 8524 4051 7606 8309 967 2668
7534 727 8415 8128 1238 2868 9896 2126 9123 2350 2367 9318 4723 5243 2425 7944 4158 5979 2057 121 2424 1075 9783 4157 4314 4267 45 8812 4638 4069 5511 7062 7796 9042 4683 3037 9532 7162 8080 3974 4750 7136 5840 7182 8138 5840 8933 4071 3434 9586 2632 3925 6545 7089 580 8950 7981 5672 356 9182 4744 3322 3890 5307 3977 5508 9241 1648 7817 3454 8491 9425 4734 1708 709 165 941
361 6904 6172 6961 298 7419 5398 5370 2045 117 3188 2810 4712 380 3447 5263 3846 4929 5254 5158 9096 6989 3136 7958 6057 4740 3562 6269 9698 2566 7448 7024 2924 9017 2355 2345 935 601 4289 8454 312 6025 9731 162 7441 7625 558 6928 9155 2811 529 7169 1057 6929 6854 7239 7119 9935 4053 518 3375 5399 9532 4449 3418 3932 667 9491 2641 2310 3769 5923 1553 1808 2459 5307 2369 420
5921 1716 6283 1113 3638 365 2066 3912 6405 1814 8699 6138 4345 3433 2062 6169 5742 7334 22 9316 6575 1304 5572 8245 2414 1761 6488 3147 5373 3694 107 4929 5544 8485 9840 9936 2905 751 5505 8286 9010 9831 4640 8760 3178 836 8066 7548 2154 5216 6700 5126 8047 6052 8275 7438 4157 895 939 5692 1439 8733 3964 5377 4438 5439 2393 9796 1644 5182 5139 5170 1837 4084 4533 3867 4603 8283 110
8834 4642 7446 760 7619 4252 532 481 9336 6493 1210 641 538 9894 180 1425 9213 9860 7550 2945 9065 8429 2661 1047 7041 6776 3110 8559 4370 5833 7310 1822 7474 1095 4439 8176 4546 3401 737 4271 8270 9797 9775 1697 5074 1090 8530 2721 954 7587 1442 652 5742 3539 9267 1601 8300 2828 1727 6388 2516 3449 6783 58 8543 3247 442 3430 8559 3581 2369 4721 6751 6899 75 478 8333 9877 3114 2782
6748 5079 1840 4196 7423 9892 2241 8639 6221 1060 5590 1817 8379 8056 8384 5718 6295 6230 9037 2568 8750 7930 665 1727 310 5553 7668 1148 170 495 478 981 3488 1264 1274 6971 10000 8742 6630 8907 6905 4078 4769 3988 1801 8403 9809 7716 2238 4302 6428 4274 8607 7931 3649 8011 2842 4597 1441 9361 5192 5742 4534 5441 7480 8299 5324 1032 8489 6011 3760 4873 2401 7014 9868 7685 5240 1921 1465 1554 6597
9073 3533 8597 143 7214 914 2018 7643 8309 5588 1651 4229 2232 7967 7196 8176 2744 7833 9274 2415 8969 5231 7380 7926 2793 1320 3066 4142 7863 5636 4210 5751 9246 8088 4210 9364 6259 9642 3399 6692 5582 7865 305 4932 6654 6174 8147 7404 7503 4555 6386 8890 3541 8289 547 2572 2938 3702 9834 111 9571 2237 7267 278 6240 4115 4908 6768 2435 4192 3457 1435 7278 822 7726 7393 9940 9715 7681 1112 7047 2926
8913 1897 8596 5742 1632 1313 3745 8327 5238 9322 9194 5832 1641 5953 8007 5816 7272 2757 1677 156 2250 2717 8001 9806 427 3196 1071 435 6388 1320 6142 3202 7641 9444 5874 8690 6768 8666 1200 8434 3934 7081 7921 1992 6880 7683 7482 4934 8713 162 250 1434 2038 3306 7582 2017 2255 5329 3886 5280 4420 505 9104 311 5024 5091 9847 6951 8686 6714 2159 7909 9265 7605 1585 3264 1686 5065 5282 2133 381 8840 4400
310 7751 4072 2517 7606 4640 8414 6767 880 9802 4224 1975 4456 6661 3351 5602 6760 6559 2815 3664 4279 7021 9067 8951 6894 5531 8719 2920 8046 6773 2260 9864 5078 3045 3433 1772 5150 641 6024 7626 3066 2543 7808 8692 7522 7880 4854 9295 6390 5595 3708 2050 6120 1885 3881 7733 3028 8149 6610 2910 2006 9804 3086 8651 6155 2593 1449 2363 4514 6504 8913 3743 2966 3217 8115 7592 2770 1097 7166 29 1096 9484 6207 6783
6102 5119 8256 4163 1853 2220 8116 8648 7057 1178 1498 3259 9674 7955 5227 6740 9988 5747 8138 3914 7950 9551 877 8941 3548 3328 5995 1697 6143 2415 4444 3967 4491 8645 2768 7982 7319 9597 3766 7294 5963 9862 4928 2072 893 6923 571 6977 9978 4044 4077 6563 7294 3744 8503 4032 3672 6304 7874 3543 2160 1433 2859 6835 6896 602 9998 6834 3981 3712 2868 3286 1061 3751 5779 4645 2649 2902 7404 7157 3896 1999 687 213 3185
8825 3325 2311 2796 5602 885 696 341 5146 8452 7529 5446 4599 5748 4724 6110 7045 7324 9715 5585 9330 5209 3610 129 7761 4365 586 2637 4186 6294 1918 5249 5880 306 9312 3835 6903 4695 3812 2255 2186 3442 3275 265 9060 4265 5576 2323 3595 8869 2868 8835 7986 1993 4453 5701 7907 7517 473 7893 9058 2303 5911 9237 5104 9475 4717 8689 4503 4043 3912 508 3053 7130 4978 2539 4501 6403 6482 9880 9791 2482 393 5774 5014 8904
1879 9521 30 7365 4223 9422 2445 8928 4562 3595 7937 4459 7033 9119 7056 1297 2580 4086 3081 867 8220 9702 5232 4540 1134 4615 6919 6894 8429 7489 372 6093 5895 6278 1634 2968 2244 4028 2538 4568 5930 2195 2388 2582 9492 3404 3602 7683 136 9626 1273 1807 1336 1741 1983 2155 9259 6313 6931 8056 323 8816 90 7755 8196 9448 58 8076 5798 3048 710 9280 2347 8999 8503 2862 4075 7899 7503 5150 3876 752 538 3721 5017 2177 3614
3551 2374 6646 7623 1500 4624 103 6376 9864 4649 4144 842 658 3237 2891 8334 6049 7630 1919 9946 6452 8316 8245 3781 7514 7971 6626 8220 5274 2120 6500 4899 7261 4117 5655 6740 6873 7029 4577 1335 3388 9877 8277 218 2741 3785 1165 5642 4527 4359 2555 7834 7843 4368 2656 8337 5994 6059 8334 3088 2889 9105 8189 8633 4266 9257 5629 4724 7695 8618 5255 6339 625 2462 8419 9364 4298 843 9114 8405 5507 7434 685 3928 5231 757 9838 7535
1600 8250 3197 19 8239 2832 5920 8831 7022 6146 2623 2800 5090 7428 8569 2242 8453 5826 7235 4901 7906 2270 1957 9224 7569 4534 5406 30 5970 6945 6503 2982 3087 4258 2054 8059 6763 7543 231 7281 3414 5286 786 52 7116 2807 9933 9624 8664 6926 7106 2861 8213 3487 2074 7950 2078 1711 7873 2168 8854 626 6697 5264 3849 9824 3030 879 8848 1885 8346 5609 3812 2543 818 9915 718 8922 8658 5503 3566 3066 9918 4560 1683 1174 5362 1298 4894
6382 5616 2283 8691 4329 3392 6282 1646 1539 1609 6567 5471 8864 5905 6688 7765 8884 25 3168 2441 8080 1838 1485 4952 3487 4862 796 872 9466 910 8216 8870 9914 1675 9218 7584 4917 530 3910 9184 4356 4847 7062 4880 6100 4486 2646 2928 7349 5712 7950 9464 9564 2208 6280 4952 4315 3406 5528 4904 5499 354 5662 7088 4173 3081 1979 4032 7237 401 9514 6407 9077 5684 2557 4956 5073 1597 7458 1585 1450 903 4875 8795 6211 7473 3409 9306 7709 3586
3817 6649 3162 6252 7345 9496 8809 9548 1680 9441 5836 7122 8593 4768 4355 3199 4769 6756 2099 3841 6367 945 3005 6901 8500 8815 7243 4421 6116 6132 2452 409 1237 1189 734 5080 1956 5711 9489 5154 2253 5030 6521 8034 8918 9447 2078 2316 3744 2930 7921 4004 4948 4754 9621 4495 3732 9119 3263 5271 1829 4664 3284 2861 6829 8886 1270 9529 6071 6221 660 1649 689 7799 2207 9689 5042 4510 7626 6469 4270 3295 7432 7055 7452 766 9737 2939 7805 3863 4230
191 1112 2287 9979 3835 2509 9332 5577 8279 8725 3962 7488 1516 1693 2347 9318 1150 5118 4173 6234 2761 4661 6659 9825 2270 2510 7039 3725 9485 8700 7712 7954 8321 5625 4522 8563 1744 7632 288 1647 4479 2973 6435 2476 762 8744 6198 6758 2860 1470 2389 6992 5546 2324 9263 6977 8599 9943 795 6315 9043 7895 755 5423 281 7169 7433 4254 9605 9028 1137 810 9064 5518 1313 5451 5262 2191 392 8930 8464 4483 218 13 8651 2413 9117 6048 9442 9302 9952 7113
1278 4559 5942 931 1024 4708 1640 5649 4489 9037 3286 5836 26 8478 2970 8904 4398 6817 178 2636 2878 4406 3325 2783 8951 1803 4356 1575 8746 6219 3521 261 9512 5396 5794 8255 4472 8658 5691 5108 8367 9508 5119 4725 3950 8427 4775 3801 1877 7914 9319 2783 802 5759 8649 7669 9096 8681 7394 2630 8558 9214 8217 7618 1380 2690 9323 5567 8695 8021 5050 4801 1062 1576 1413 5099 1336 5922 8493 8263 9072 4086 6442 116 253 2276 7690 5919 3151 234 7520 4391 900
9656 9613 8264 8144 7358 3459 7792 1859 5175 5802 921 2464 8271 3142 9280 5025 3207 1460 7913 4718 5039 4217 2470 7052 2062 4930 5890 3986 7968 7605 5690 5733 220 3269 2118 3626 9096 5215 5960 4859 4400 6003 1793 7056 4872 4910 8781 1151 2120 8960 1730 7822 8114 6540 323 1968 9891 7720 5585 3297 1291 5893 8424 9166 9954 7583 552 1750 2662 5660 10000 5735 1030 6777 4672 9388 1424 5550 6531 3192 5252 8366 4734 8996 32 9190 9544 764 5780 8467 1828 9873 5804 2549
8957 5581 365 8285 7992 409 3603 3054 3553 4424 5601 9703 5933 5496 7258 1512 8104 4464 9586 1116 5941 7284 7172 8824 787 4967 688 4113 4849 3014 2532 3394 649 7507 5664 4308 5097 174 422 9211 7309 6401 2069 6659 3211 8796 8676 7190 98 5147 5765 9206 5693 127 1920 6846 7662 9073 2158 4415 201 7453 3665 65 3076 9811 4258 8970 6341 6212 9246 7814 8255 1525 3738 2600 1778 3300 175 2651 8589 2192 4781 9202 1009 6342 7817 9305 3025 1611 7045 1816 1687 8812 5892
4446 8732 7580 1561 6206 40 6946 8244 138 3234 6461 641 7292 5093 9780 9681 557 2745 8826 1567 8811 3962 7257 448 2898 1743 9828 2228 3217 7385 7963 5607 5304 8088 4096 606 9133 3565 8820 7447 139 3762 4094 1466 3763 241 2718 6203 9566 7783 7883 8313 5571 5226 6372 1257 7428 7472 1463 332 5308 3133 3903 3834 1193 9895 183 4744 9865 8646 6084 272 4704 6993 5566 2934 6935 9149 9081 2822 8506 7199 8245 3785 3204 8997 8906 2871 3456 3488 6215 1386 4769 4140 4032 2700
3774 8406 1984 2468 6712 3513 4814 1231 1462 4610 2342 9890 7130 7286 5711 3133 6364 5422 734 1057 2953 5225 8005 1365 944 89 3807 9935 2652 7530 9015 7523 362 3620 5960 59 4347 9679 1733 570 8154 2894 9258 2201 3181 7960 8749 2477 1510 8997 6958 8292 1309 583 4650 3826 8545 7171 3498 5706 4390 1217 7509 393 9461 3478 5683 9940 6670 5604 3408 6273 9652 868 1855 6892 9934 8959 7581 7880 3995 6736 5875 2555 7997 6946 401 5227 1292 7271 816 8494 5081 897 6911 7684 1385
1178 4948 4484 452 4218 5913 7943 5964 5067 818 1442 2058 7654 1944 8381 7309 1201 180 4776 8985 2810 8338 3536 6876 2388 2150 4968 3394 3679 303 9523 3198 7495 9019 2759 4019 4311 6774 6102 8458 5980 7798 9850 6187 9803 8173 817 8140 6875 9166 3269 3024 1801 1554 9543 4074 6156 2614 5989 2167 7366 1267 3338 9798 4455 7563 5868 7564 6527 4284 6241 6926 5250 1504 3130 4362 5184 2777 6477 6915 1771 6814 4980 7495 107 3832 4033 5492 4620 3326 2933 834 9818 6153 6693 313 1957 8512
7917 495 746 9650 2762 4790 3769 4145 4257 1067 1076 8032 3910 9066 8960 9651 6794 4398 3472 3410 7480 4150 791 8745 8388 9810 153 8325 339 3518 9340 428 7594 4381 3633 1183 5243 4472 2914 290 1639 3716 3930 8395 6720 6863 6799 2168 4812 4913 3207 4200 5791 9192 2430 8067 3873 910 6817 1620 5198 2997 1155 1529 2437 1850 1230 2623 5377 5422 4523 8592 4349 584 8055 8458 8464 9254 4780 7010 2714 1510 600 4165 6587 3697 5574 6498 1906 4419 6144 3177 2354 9017 5588 4868 7404 4896 6907
3401 4957 9760 805 8760 9158 4471 1419 3246 1365 1782 4412 9525 3009 9173 1008 9591 414 9803 2485 7457 8510 200 7148 2352 9563 7923 7318 2513 6757 9778 7115 4540 5589 9881 9195 1011 8340 1352 4680 3366 1071 6022 4810 2186 5069 330 53 2503 8853 1100 8309 5366 2908 2391 5241 2299 7549 4917 7256 3389 4080 5417 766 4506 718 5898 9962 5974 9158 5212 4091 9960 1904 8301 8293 6795 24 8205 2272 7814 3601 117 662 6238 2655 89 5889 9021 4680 192 8884 4471 304 7381 9795 6711 2790 2881 9977
0
