924 220 911 244 898 258 240 247
2 252 401 398 330 344 397 363
94608 87300 87163 86736 86622 84111 81670 78123 77224 77076 223 72087 64953 61329 60462 59273 550 552 9337 9889 58446 57672 56989 55142 54185 53234 52051 52020 51383 50124 49647 41789 36226 32313 30893 29671 27585 25634 25349 24821 24820 22153 21657 21376 20547 19995 19931 19543 19425 19381 19257 19172 19161 19060 18443 17909 17526 17300 17171 17026 17014 16958 16907 16841 16806 16798 16684 16524 16312 16114 16025 15858 15752 15556 15485 15385 15261 15115 15105 14826 14220 13959 13673 12037 12009 11858 11732 11682 11562 11281 11118 11028 10980 10723 10343 10170 10026 9926 9937 9988
30657 8429 7297 19372 739 20421 3964 9074 23466 20068 32003 4594 4399 14351 31126 26298 19857 1014 32503 22168 19517 12903 13451 12903 1388 23106 5890 41 13037 10925 17211 10838 4644 13576 26721 14708 1875 4900 9563 19432 1560 15791 21859 16396 25399 9971 4084 17537 29594 28097 24554 17095 7318 15527 30181 22538 14704 10601 23022 20543 31264 10415 24669 22384 8020 27132 26105 21844 14264 12255 5986 10019 17013 30829 18348 11176 23287 2542 6733 21912 20980 14295 1081 14370 22442 29689 26699 16839 7016 32759 21223 6508 1103 21245 6366 20910 26458 1967 23953 26229
99854 95897 91370 82379 79018 79008 78485 77998 76849 5783 9401 69866 67374 66219 66154 65287 64870 63561 62783 61618 9435 60834 59944 59809 59757 59647 55862 53001 51973 51826 51793 51625 51520 50097 49569 49214 49035 9474 10038 11395 12233 14442 15130 16041 18640 48914 48905 47034 46849 45426 45094 44015 43866 43776 43469 42114 41557 40909 39607 38027 36586 35678 33373 32689 30911 30082 29957 29679 28304 26418 24981 24930 23986 22341 22109 22096 21936 21926 21920 21918 21905 21899 21877 19557 20517 20564 20596 20646 20773 20862 20954 21004 21169 21238 21357 21471 21554 21672 21693 21701
26730 17504 15245 15137 15054 12160 11180 2731 26842 15290 7677 15614 19284 26676 23579 31297 26099 30046 8391 24065 17055 28627 1851 4964 10615 25220 1212 14443 1803 29715 8303 1652 716 29565 23917 25603 22977 6140 2841 17345 20859 30764 28594 29893 22346 31852 292 18451 8113 20615 8228 12130 23064 6292 2427 14627 19649 27930 29090 3518 27901 25208 32400 21023 18336 8068 5072 4977 19890 18291 9430 8233 22887 15097 403 29255 32593 29872 20807 3800 32725 1214 12183 32448 27868 28595 8159 17590 22474 29872 19145 29840 7092 32462 14879 20417 6094 17853 1757 2848
96995 93089 90451 90385 90367 90246 90145 89965 89793 89617 89464 89182 89093 88941 88904 88858 88701 88661 88608 88519 207 431 536 691 788 877 88268 88185 88001 87937 87803 87792 87618 87560 87462 87329 87252 87206 87194 87039 86819 86556 86335 86283 86143 85209 85092 84570 83781 83614 83548 83443 83370 83246 83035 82930 69373 69236 69052 68620 67741 66066 65406 64560 64230 64218 64048 63738 62082 61341 60184 58150 57378 57301 899 952 971 1551 2519 3019 3471 3611 3719 3864 3909 3948 4911 5257 5399 5407 6051 7085 8102 8237 41561 40949 34466 20105 17480 8518
31260 16103 20243 7061 13553 19047 2774 5832 23586 7601 31907 11170 22288 6063 2188 27517 30976 26791 24463 15855 23417 4880 19736 2115 14316 28325 32200 26921 1179 25017 9077 23724 22707 17610 6770 23653 23483 9304 29712 20462 17458 21751 2660 24986 10612 3492 331 2915 11486 31829 22700 28708 15922 2260 29693 21769 32573 14796 15113 20291 2743 28708 14320 31232 8810 27789 22127 18586 2199 21335 10337 18702 2197 8841 21382 27313 29371 20016 3204 7454 3968 5 17195 23411 19937 28408 25597 30653 12547 210 21230 15024 16666 11516 872 11164 905 20825 20882 5276
91596 90977 90845 90782 90378 90284 90144 90003 89944 89710 89672 89507 89433 89398 89289 89100 89049 88045 86419 84064 79566 78553 76168 73722 71095 70500 68524 67980 66646 66526 66262 65353 65011 64469 63728 62310 61049 59445 58030 57043 56342 55115 55029 54063 53270 53118 53062 52543 52428 52016 51904 51775 51651 51088 50526 50500 50473 50316 48824 48741 48261 48158 820 921 979 1108 1924 2168 2790 3933 4011 4192 4238 4364 4521 4870 4916 5043 5739 5822 5927 6040 6542 6880 7077 7279 7954 8399 8921 9009 10958 11068 11193 11395 11875 12161 12956 13589 30105 27050
840 10959 19526 7079 24164 24318 12402 31042 635 10820 23866 10072 14892 8087 337 8996 12761 3487 30030 21804 6397 27323 1957 32106 28095 16965 17622 10922 9927 1815 4068 16691 12112 28493 7945 21673 27006 15693 12456 22834 10994 6661 3203 28632 26525 25716 9518 21039 32465 6764 28100 8503 24222 16022 14296 7043 29019 24502 11694 32411 2435 9520 15531 6048 16323 1228 1035 18222 30544 1462 7122 318 78 31870 13513 18437 27629 29071 11788 27673 1103 32200 24445 21164 26664 29387 26894 7539 28069 23584 15854 29044 27142 11541 27401 13173 19526 200 9938 26804 19198
0