10 9
12 10 8 8 8 8 8 10 9 11
12 12 12 12 12 12 12 12 12
7 10
4 3 4 12 13 7 13
9 4 4 4 5 8 4 8 4 6
20 20
1 2 23 2 8 13 6 14 20 13 23 4 10 7 15 1 2 8 2 4
10 10 10 10 10 10 10 10 10 10 10 10 10 10 10 10 10 10 10 10
40 200
29 27 43 13 16 6 47 32 24 32 27 32 27 36 26 50 11 5 5 3 20 22 18 38 31 39 47 49 10 7 35 5 26 27 43 24 20 34 37 26
4 4 7 4 4 9 4 5 8 4 9 5 8 8 5 4 4 5 4 4 10 5 11 5 9 5 10 9 5 4 9 11 4 8 5 10 9 4 10 12 6 11 7 4 4 5 9 10 9 4 6 4 4 4 8 6 4 6 4 4 10 7 11 8 7 10 11 12 4 10 7 12 6 6 10 4 6 11 7 10 9 7 4 8 4 8 8 9 11 12 9 7 11 7 4 4 10 6 10 4 7 8 4 7 4 4 6 4 4 4 4 4 4 8 4 6 8 6 6 5 4 6 10 10 4 4 7 8 5 4 11 4 4 4 4 7 7 4 11 9 9 4 10 11 12 10 9 6 4 5 4 4 11 4 4 4 6 8 4 10 7 10 4 5 4 4 8 4 11 4 12 6 8 12 4 5 6 9 10 4 4 4 4 6 4 4 4 11 8 6 11 4 9 9 7 4 7 4 4 4
30 100
16 32 12 29 30 30 22 2 26 20 5 23 23 28 40 35 44 3 11 23 48 40 23 17 3 37 25 10 21 8
9 4 11 4 10 8 6 8 9 4 11 4 4 4 11 4 7 8 8 10 4 10 6 8 4 7 8 11 5 4 4 8 10 8 4 11 6 11 4 4 9 11 9 4 4 10 9 4 4 4 10 10 7 7 4 8 10 5 5 6 4 8 11 11 9 4 8 4 4 4 4 7 4 10 9 11 6 8 11 6 4 12 4 4 12 4 4 4 11 4 4 11 6 7 7 8 4 6 4 10
0 0
