10
2 1 3 2 2 1 3 2 2 1
50
1 2 1 1 1 3 3 3 1 2 3 3 2 1 1 1 1 3 3 3 2 3 2 2 2 2 2 2 2 1 3 3 1 3 2 1 3 3 1 1 3 3 1 1 2 2 3 3 3 2
100
1 2 1 1 3 2 1 3 2 2 2 1 3 2 1 2 1 3 1 3 3 2 1 1 1 3 1 3 2 3 3 3 2 1 2 2 1 2 3 1 2 2 3 2 1 2 3 2 2 3 2 2 2 3 2 1 2 1 1 1 1 2 2 2 2 3 1 1 3 1 2 2 3 1 3 1 3 2 2 2 1 2 2 2 1 1 3 2 2 1 2 2 1 3 2 3 1 1 3 2
500
1 2 3 2 1 1 1 1 3 1 1 3 1 2 1 1 1 1 1 3 1 3 3 1 1 2 2 2 3 3 1 2 3 1 3 2 1 1 2 1 1 1 1 1 3 1 3 1 3 1 3 2 1 1 3 2 2 3 3 3 2 3 3 1 2 2 1 2 3 2 3 1 2 1 3 1 1 2 1 2 3 2 2 2 2 3 3 3 2 2 3 3 1 3 3 3 2 1 1 3 3 1 2 2 2 3 2 3 2 2 1 1 1 1 1 2 1 3 2 2 2 3 2 1 1 3 3 1 3 2 1 1 3 1 3 1 3 3 3 1 1 3 3 3 3 2 3 2 3 1 2 3 2 1 1 1 1 1 2 3 3 3 1 3 1 2 2 3 2 2 1 3 1 1 1 3 3 2 2 2 2 3 3 1 2 3 2 2 3 2 2 1 3 3 2 1 1 2 1 3 3 3 3 3 1 2 1 1 1 2 2 3 3 3 2 2 3 1 2 1 2 3 2 2 2 1 1 2 2 2 3 2 2 3 3 2 2 1 1 2 3 2 1 3 1 3 1 1 3 2 2 2 3 1 1 2 3 2 1 2 3 1 2 1 2 2 3 2 2 1 3 2 2 2 3 1 3 2 1 3 1 2 2 2 2 1 3 1 3 3 3 1 1 2 2 3 2 1 2 3 3 1 1 2 3 1 3 2 1 1 1 2 2 2 2 2 2 1 1 1 1 2 1 2 3 3 3 2 3 3 3 2 1 3 1 2 2 3 3 3 1 1 2 3 2 2 3 3 1 3 2 3 2 3 2 2 2 3 2 2 2 1 2 1 2 3 1 3 3 3 3 2 2 3 2 1 3 2 3 2 1 3 3 3 2 3 1 1 3 1 2 2 3 2 3 3 2 1 1 1 2 2 3 3 3 1 1 1 2 2 3 2 2 2 3 2 3 1 2 1 2 2 2 3 1 3 3 3 1 1 2 1 1 1 1 3 1 2 1 2 2 1 3 2 1 2 3 3 3 3 3 1 2 1 2 3 1 2 1 2 1 1 3 1 3 2 2 1 3 3 3 2 3 3 1 1 2 2 3 1 2 1 3 2 1 3 3 3 3 2 2 3 1 2 3 3 3 2 3 3
1000
2 2 3 3 3 2 1 3 3 1 2 3 2 3 2 2 2 3 3 1 3 2 1 1 3 2 1 2 2 3 1 2 3 2 2 3 3 2 2 1 2 3 2 1 1 1 2 3 2 2 2 1 1 2 2 3 2 1 3 1 3 3 2 3 1 1 3 1 2 3 2 2 2 2 1 1 2 3 2 3 2 1 2 1 3 2 2 3 1 3 1 1 1 2 3 2 1 1 3 3 3 1 3 1 3 1 3 2 3 1 3 1 3 2 2 2 2 2 1 3 1 2 1 1 2 1 2 3 1 1 2 3 3 3 2 3 2 3 2 1 3 2 3 2 1 2 1 1 2 1 1 3 2 3 1 1 3 2 2 1 1 2 2 2 3 3 2 2 1 3 3 3 2 3 2 2 1 3 1 1 1 2 3 3 2 1 3 2 1 1 3 1 1 1 2 2 3 2 2 3 1 3 3 2 1 2 2 2 1 1 3 2 3 2 3 3 2 3 3 3 1 2 1 1 2 1 3 2 2 1 1 2 3 3 2 3 1 3 1 2 3 1 3 3 2 1 1 2 3 2 1 3 1 2 2 2 3 1 2 3 3 2 3 3 2 3 3 2 3 1 1 2 3 1 1 1 1 1 3 3 2 3 2 3 3 2 1 1 1 1 1 3 1 2 3 1 3 1 3 3 1 2 1 2 2 1 1 2 1 2 3 1 2 2 2 3 2 3 1 1 2 3 1 2 3 1 3 2 3 3 1 3 2 1 2 1 2 1 3 2 1 1 1 2 3 1 2 3 2 1 1 2 1 3 2 2 1 1 2 2 1 3 2 2 3 2 3 2 2 3 2 1 3 2 2 3 2 2 3 3 2 1 3 2 2 2 2 3 3 3 1 3 1 3 1 2 3 2 1 2 2 1 2 2 1 2 3 3 3 1 3 2 3 3 2 3 3 1 1 3 1 3 1 2 2 3 2 2 3 2 1 1 3 3 2 2 3 2 1 3 3 1 1 2 3 2 2 1 3 1 1 1 1 1 1 2 3 1 2 1 2 2 3 1 3 3 3 2 2 1 3 2 3 3 3 2 3 2 1 3 3 2 3 3 2 1 1 1 2 1 2 1 3 2 3 3 2 3 3 2 3 3 2 1 2 2 1 3 1 3 3 3 2 2 2 2 1 1 3 2 2 3 1 3 1 3 2 1 1 2 2 2 2 3 1 2 3 2 1 1 1 1 2 1 2 3 2 3 2 1 3 1 2 3 1 2 2 2 2 3 2 2 1 3 1 1 1 2 1 2 2 3 1 2 1 1 1 1 3 3 1 2 1 3 2 2 2 1 3 2 3 3 3 1 1 3 1 1 2 2 1 1 3 1 2 2 2 3 2 1 1 1 1 2 1 3 2 3 3 2 3 2 2 1 3 2 3 3 3 3 1 1 3 1 2 1 2 1 1 3 1 2 2 3 3 1 2 2 3 2 2 3 1 1 2 2 3 2 3 2 1 3 1 3 2 1 1 1 1 3 3 3 2 1 2 2 1 1 2 1 2 3 3 1 2 2 1 3 2 3 1 1 2 3 2 2 1 3 3 1 3 2 3 2 2 3 1 2 2 2 3 1 2 1 1 1 1 3 2 2 3 2 2 1 3 2 1 1 2 2 3 3 2 3 1 3 1 2 1 2 2 1 1 1 2 3 1 3 2 3 2 1 2 1 2 2 1 1 1 3 1 2 3 1 1 2 2 2 1 2 3 3 1 2 2 2 3 1 3 3 3 1 2 3 3 3 1 2 2 3 3 1 1 1 3 1 2 1 2 2 2 1 1 3 2 3 2 1 3 1 2 1 1 1 2 3 3 1 2 1 3 1 3 2 1 3 2 2 2 3 2 3 1 3 3 2 2 1 3 2 3 3 3 2 1 1 1 3 3 3 2 2 2 2 1 2 1 3 2 1 2 1 3 3 3 2 2 3 1 3 3 2 1 2 1 3 1 3 1 1 1 3 1 3 3 1 3 2 2 3 2 1 3 2 2 2 1 2 2 3 2 3 1 3 2 3 3 3 1 1 1 2 1 2 2 1 3 1 3 2 1 1 1 3 2 3 1 3 1 3 3 1 1 2 3 2 2 1 3 2 1 2 1 1 3 3 1 3 3 3 2 3 1 2 3 2 2 2 2 2 2 3 1 2 3 3 1 3 2 2 3 1 1 3 3 3 1 2 1 1 1 2 2 3 3 1 3 3 3 2 1 3 2 1 3 3 2 1 2 1
30
1 1 1 1 1 1 1 1 1 1 1 1 1 1 1 1 1 1 1 1 1 1 1 1 1 1 1 1 1 1
30
2 2 2 2 2 2 2 2 2 2 2 2 2 2 2 2 2 2 2 2 2 2 2 2 2 2 2 2 2 2
30
3 3 3 3 3 3 3 3 3 3 3 3 3 3 3 3 3 3 3 3 3 3 3 3 3 3 3 3 3 3
30
1 1 1 1 1 1 1 1 1 1 2 2 2 2 2 2 2 2 2 2 3 3 3 3 3 3 3 3 3 3
100
2 2 2 2 2 2 2 2 2 2 2 2 2 2 2 2 2 2 2 2 2 2 2 2 2 2 2 2 2 2 2 2 2 2 2 2 2 2 2 2 2 2 2 2 2 2 2 2 2 2 3 3 3 3 3 3 3 3 3 3 3 3 3 3 3 3 3 3 3 3 3 3 3 3 3 3 3 3 3 3 3 3 3 3 3 3 3 3 3 3 3 3 3 3 3 3 3 3 3 3
0
