16
1110101111011011110110011100011011101111000111101111111101010111 100
11
011111010110011001111111011001101011011011011010110111011111111111110110101111110010101010101110101111101111010111111110101010111000000001101011000101011110100101011111101101111111101100111011 28886
111101101011111100001110110011110011111011011011110110110111011111110101111000111011100110101111110011111111110101110101010110010001111111101111111010001001001110101011101101101111101 27596
1111100011101111110101011001101011101111110000000101111011001001011010111110001110101101101001011011010011110110010111111000011100011111111111111101011111011011100101011110111111 26776
11100111110101111110110001011111111111101111111011001011111011010101010100111001111111000101011111001001101100111111011011110111111001001111110000010101111101111101011111111011111011100101111100001011101 30542
011110010000011111101111111011100111111110101110101100000010111110110011111100011110010110110110110110111011110110010110111101110110101111111001101011011111111101011011101101100000011 27581
11010100010111010100001011001111111101101011001111100111111110111011001110111111011111010101101001111111111101111110010011011110111011001111110111101010110111111110111110101101010100111100111111111000110111111101111001110111111011001100001101 36419
1010111111101011110101001110011111111111000110000101111001001111111101111101111011101011101011011011011110101100111111011111011111111111011111011110111101111011110110010111101110111111101111101111101011011111110101111101110110101010110001 35856
1101111011100111111110011110100110111111001111111110110011110111111000111011101111111011111111011111011111111101011101011101011101111011100111101111101011011001111111011111110110111101111111111 29010
110101111101110111101101111010101110001100101111100100101111110101111111100101000111111111111100111101100111011111100110111111111111101111010110101111111100111111 24346
11111001111110100011111000101001111110111011111101111000110111101110101111011011111101111111111110001111111101111010010001111010101011001011111010011111100010111011111001111110100110 27472
111101110111111110010011111101111101101111011111111111100111111110010010111101111000111110001110011110110111110110111110010001111111011011111101010111111101111111011010111111110110101101111111111 29369
10000110000000010000000001100001100100010000001011011000110010000101011001100010010000100100101101100000010111001001001000010001000001100011111101000000000010101001100010100100000000001011100010100110100001100100000010010000011000 34530
01000111001001000010100001110100111101010010001010011100001000010010000011011001001001000100000000001101101110100010001100100000110100000110 21137
110000001000100010000000001000010010101001010100100000110101010101100011000010000000110000101010001010000000000010100000011001000000000100010010010000110101001000000010011010100100000110000010100100010001 30759
10000010000000001100000000000010001000001100010100001101101100000010000010010011000100101010001000000110001010001000111000100100001100101111010010000000100100010001010000100001001100001001111001010000000001010001010101011000101001001001100001000010010100000 38611
00000010000001000010000000010101000011010000100001000010000101011000100000000011000001001001100010100001100010100000000000110001001010100011000010000011000100100000010100101001100001100001010000001000000010000001011000010001110001100000 35413
01011010100000001100001000010010000000000011010000010001100010100000001000000111000100000000101010100010000111011001010111111110101000000000010000100 22458
0100000100000010100001000010001000000001011010110011000010101110010001100000010000001010101001000001101001000000000101100111010101000110000110000111001100000010000000011001010100000011100011001001010000011000100000010001111011010000010000 35753
0000000001110000000100010010000001010110110000000001011000000000001001001000011101100101000000001000111010010010000100000001010001011001000000000010100000011001010010100011000100100001000100100001000000000101100000010000010001100010011000000000001001000000010000 39325
011000101101100000010001001101001000010100111000010101010100010000000000010000000100100000001000100111000001000001000110111001000111000100010100001100000100011000100000100100000110000000111011001011000010100010001101000001000011101001000000000000 37001
100101001001100111010100001010011010101010010100001111111100110001110100010100101111010000000101000111001001011110101000100101001000000000000011000001000001110000000101000100110100001000010101001000011001001000100110100111010010 34257
00100100000000001110100010101101010100001100000000000011000111100001000010010000110100000000000000011101111100000000010000100000110000010111000000000110101010000000000100000110111000100110111000100010101100000000100010000000110000011011010000000000100001011100 39004
1100010000001001000110110011001110001110100000101010111100001001 100
11
01001010011011001101011000010011011001111100110100111100101110111010110101110000010001111100110100111000101101111110011010010111000111010011010011110111011011010010110011010001 26496
11100111010100001101011101001011100111111100111001011111000010011101101010110011010100011000010000110100000111100001100101101101011100110111000100111110011 23384
00100011101000111101111000110001010011011010010100101001110011110111001010010111110000011010100011100010110010001010000101101101011100011010000011110110011001010111001001010000000010011001 28222
10111011100011001111111001001100001010011001101101110110000011101010111100010100110101110100001010010110100111111011100110000110011111111110010010101010010010010011100110000000001111100111001101101001010000010010001111101110 33656
0001000101011011111110111010010010011011111001000000000011111111011010111100111100001100101111101100110110000001001111000000110001101101000101000010010111010110000011001011111111100111110110110001000111001011011110001110010011100110110011101110001011000 38002
110101111100110101001000111111001111101000100111011100001111000001011000001000010111100100011011100010110001110101111101110011011000101111111001111101110000010001111001001011010000100110100000011001010110010011101100110110011001111100101101000000 36967
11100101100110010011001011101101001010110101000101110110000010010000010111101000101001011001011011001011010111110101111011100101111011010110101110000111111110011100110100111001 26541
11010111001100010101111111110010101010110110110101000101000101101101000010000100000010001000001101101101101100001101010011110111100111100010010100010110101000100100100101100000111101111010001110100111111001110110000011011100100101011000000100010100101101000110 39194
1100001010011100101110111001111110010000011011100010111101000111011101101001111111110001100100101101010100110000011101010111001000001011000111001111101111101001010011010011101000010000101010100001000111011000100001110000001100001110010001110 36283
00010100100000000100000100001101011101011100000010011010000111111011110010111000111101010110100110101101001000111101001001010000000000100101101100001110000010 23852
00111010110111110000101110111000000000110001000011011100010111101111100001011111111001001000101001101101010001001010100010110101101000010111 21164
100100010100110110000011010101000001000111001100001101010111001010000110100000110011001001000110001011111000101110011010001010010101101001111010110101011001 23479
00001100101000100010000001011001100000000000110000000000111000110101010111100100111111010011010010001101000001000000111010010001011101001101100010110000001101110100000000110100011100000011011010001101110110111001011010010010011110011111010000110101101000 38189
111111000101000101001111000101000011011000101110110000100000100111001100100111011101010011100011111100101110101001001010111110000100100000101010100001000111110010010111110010000001001000111000100000 29841
010010101010110100110011010001111111011010110101010101101001111011111101111000101000010011000011101011101110100111000000001011111100111101101001100000010001000110010111100100110000 27049
11011100110010001000001110110101100101000100010110110111110101001111011110001100010000010011010011000110101010101000111101101001110101101110011100001111100000100110100001010001000010000000100010011001110000110011 31923
001001000110110011000101011010101000100101011000111000001000000011000111000010000101010101000011101010000111010100101101001010001000011010100011101100011010111011111011 25259
10101111001110011110010010111001111001110000000101110010011111001000001100101110110011110111110000011101001101100100110000011000100110001001010100101101111111001111000100111101000101001001001100011100110010110011000011011100111000110110001000110100101111111100011 39598
0111110011111111100010111100101010010111110100000001011100011000000100000100011101011110000111001010000100101100110101100110000000100110001100000101111110101101100111111001000110100001010000000111000111011010101001101001011 33557
101010110111101101100011111101000001000100011100011000011101111011001010010001011101111010110010001000010000011001110010111110100000011010011000111 22101
000110101111001001001100001110011001100001000111011010000110001111010111010001010000110110001011010001100001000000001111111110000101111 20302
111101010001110000111101010101101100110000101101011011101010100011101111100100111110011000101110110001010011011110111110100011000011101111100000111111111100111111001010101110011111011110000110101001001011110111101101101101011010111000001011 36031
1011011101101101000100111001001100101101001101100010000001110011 100
11
0000011001100010011100110001011011110100010000000011000000001001000010100000001000000000010000101110010010000000000000110000001011000 20015
00000010000111001001001100000101110001110001000001000100001100000000100000100001001100100101000000001000001110001100000101001100100001000110100000010100000100000010000101001001000100010010111000000000001010110000010000010001000 34104
1010010010000000111001000000000010000010110010110000100100010010000011010111101001010001010000101100110000000010000001100001000000000000111100001011000110011001001000000101110000001000000010000100000101010000101010000101000101001010000001000010011000000000 38449
000000001100010000011001001000110010100010110011000000110100000001110001011010010000000010001000000101111100001110000011000110101101010010001010 21709
000001101000000000000010000010101000000000001000011000000010000000001001100000010000101000000001100000001110000000000000000010011000000000011011000010000001 23566
01000101001011011000001000000100000100011101010101001000100101000111100001100000010001000000000101110010001110001000000000000100000011010000101010110110000101100000010100010100011100100100100001010 29650
0000001011100000010000000010111000100110000000110110000000110000110010000011000100001000000001000001101000101010011000000000100110000001110001110101100111000011001111100000100000101001100000000010100100 30351
00100001100010001110111000000011001000001000001010001011101001000100010000000001010000000000100010100001011000110000010111100001101001000110101000110000001101000100111000000110000100 27324
1101110001100110100110000001000001010000010000001000000000000000001000011010000010011001110000001001100001010000000010000100001000000101010000010 21843
100000101100100101001000001001011001000111011100000000010001001000100000001001100011010010101011111001001000000010000000011011100000100100 20812
101000000001001000000100000000000000000000100110100000010010100000000010110110001000100010000110010111010010001001001110001000000000101011101110110001110000000000001100000000010000011110110000011100 29839
01001110000111101011110100011100111010100010101110100011010010001010000111101011001101101110101111111011001000011001100111001000000010110001101001101100011101 23771
110001111111110011111111001001101101001011111000000111111011110011101101101010111011001001011110110011110011010011010100111111101110011010001101111 22198
110111101100010111101110101010100101000110100111010011101010111011011000110100101111010101101111111011011101000011110101001011011001010100001011111100110011011111101101111100001101111100111111111000001100 30712
1111101111110101001110111001111110111110101111111101110111110011100101110011100011010110100011111100111101010101010010000100111010101111010101001010111101110100000010110111101111010000101010111110101101110111110100001100 33178
1100001100011111011111111110011101011011111110011000011111111101111110011111110111101110111011101011110111111111101101011111011011111100010111 21339
10111110010111100011000111100111111110001111001001000011010101011111001110110010011110100011011110110100110110110010101000011100101111100111111111010111010011011111010111100100101011010011110101001011000100000111 31895
0111101001110101101111010010101100010111010101101110111010000110110111010100111101111110111100111111111000110000000001110011101111111011001111001101110111100001011101011111110111110110101000000110010000011010110101101 32617
0111110101101110101101100011110010001100110001011111110101010101100110010111111111010100110101011011101111111010011110001001010110000010101111001001001000111001111010101101101010001010111000101010111011110110101110001 32600
11100011000011110010011101000011110111111000010111111110111110110111010111110111111010111101101100110111111110011110011001011010111011100111110000110001001111010101001 25115
111111010000011110111100100101111100111001101011010001111111100001111010101011111010011111000100100011000111101111100100111100110111011010011011101101001111111110 24383
1001110100001101011111000101111111110110001110101110111100011101110101010101011011010001001010111010011100001001110101000100101101111000101100111011011011011111110110100111110011111010011101010011010110110110110 31726
1010011011110010110010001111111001010110001000000010110100111110 50
11
11101101111011000101111100000001100001110110101101000001101000000011011111010101111111001010001001 14711
1000101001101000010100011111101100011011110110010001001111111100011101001111011111101111000 13787
0101110101000010000110010100000000111000001110001011110111001011111011110010101010100110100010100010000011100001110000011100 18699
101100100100111000001010011101110011000000110110101010111110001101001011100101000000100111 13668
01000100000001000100110011011011000100101010111000101101110111001000101010111000111010101 13457
1110100001010011000100111000011010001110000010111011011100101000100011110001100001001101010110111000011011011101001 17367
1001001011110111000110101000100100100101101101111101010000100001001100001000011011001111011000001001011100011001010011 17892
100110110000101011100001011010000100100000000100010111010110001010110001010011100001011110010110 14418
01100110010000000010011000110001100100101111100111000111110011010010001101001111101010101 13463
110010011110000001000001011001011010101011100101011001010000111110000111010 11316
0011111110001000011101100010011110010101001010100010001001010011001101110000101100101 12876
0000011111011000010111100011000100111001000101000000101100101110100111111001101100110001111010001110001101100101 16842
10000001011111110110110110111110000100100011011101001010100110001101111101011100101101100011000110001000 15745
010001011100100111010101011000011011001010011110100101000111011011100001 10883
10000000011110101011111100011011001011001001110110111010100100100011110101001101010010110110110011101000010110111001011010 18381
1100101110000000000101101000100100100001011010101011011101011110000110001111011011010011001010011011111111101 16443
1001001010011110000010011010110110010011111111010110001110111111011010001111 11590
00011100101010000011110011001111000100011010111110101101011010000001000001111001 12077
01001011001101011010000010110000001101011100001011001101001000000101000001111010111010110110001001110011100 16138
10110001010000101100010010111101100010010001000000010001011111000111111000000010010110000 13426
0000100001111110001011000001001110000101100010101011010010100110110000010110010010110101 13368
0111110001000110011100000001001011101110100010111010001101110001110011011000101 11969
11101101010011011111 32
17
01010000110111111110110001011101 100
11011110111000010100110111010110 100
01001101110111101100110011011111 100
11010100110111111110110101001101 100
11011111111011010100110111111110 100
11010100110111111110110101001101 100
11101101010011011111111011010100 100
11101100010011011111101011010100 100
01001101111111101101010011011111 100
11111110110101001101111111101101 100
01001101111111101101010011011111 100
11111110110101001101011111101101 100
01111101010011011111111011110101 100
11111110110101001101111111101101 100
11101101010011011111111011010100 100
01011110111011010100110111111110 100
11011111111011010100110111111110 100
11011111111011010100110111111110 100
11110100110111111100110101000101 100
11111110110101001101111111101101 100
11011011011011010100110111111110 100
11101101010011011111111011010100 100
11010111111011010100111111111111 100
11010100110111111110110101001101 100
11111110110100000101011111101100 100
11101101010011011111111011010100 100
01001101111111101101010011011111 100
11011111111011010100110111111110 100
01001101111111101101010011011111 100
11010100110111111110110101001101 100
11101101010111011111110011010100 100
01001101111111101101000001010111 100
11111101010011111111010011011101 100
11111110110101001101111111101101 100
11101011011111100001 32
17
11101011011111100001111010110111 100
11101011011111100001111010110111 100
00011110101101011110000111100011 100
11100001111010110111111000011110 100
01111110000111001001111100100001 100
11100011111010110110011000011110 100
00011110101101111110000111101011 100
10110111111000011110101101111110 100
11101011011111100001111010110111 100
10110111111000011110011101111110 100
01111110000111101011011111100001 100
10110111111000011110101101111110 100
01111110000111101011011111100001 100
11101011011011100000111010110111 100
11110001111010100111111000011110 100
00011110101101111110000111101011 100
11100001111010110111111000011110 100
01111110000111101011011111001001 100
11111001011111100001111010111111 100
00001110100001111110000111101011 100
11101011011111100001111010110111 100
01100001111010110111111100111110 100
00011110101101111110000111101011 100
00011110101101111110000111101011 100
11101011011111100001101010110111 100
11101011011111100001111010110111 100
11100001111001111111111000011111 100
11100001111010110111111000011110 100
10110111111000011110101101111110 100
01111110000111101011011111100001 100
10110111111000011110101101111110 100
11100001111010110111111000011110 100
00110111111000011110001101111110 100
01111110000111101011011111100001 100
1111111111111111111111111111111111111111 90
17
1111111111111111111111111111111111111111111111111111111111111111111111111111111111111111111111111 97
11111111111111111111111111111111111111111111111111111111111111111111111111111 77
111111111111111111111111111111111111111111111111111111111111111111111111111111111111111111111111111111111111111111111111111111111111111111111111111111111111111111111111111111111111111111 186
1111111111111111111111111111111111111111111111111111111111111111 64
111111111111111111111111111111111111111111111 45
11111111111111111111111111111111111111111111111111111111111111111111111111111111111111111111111111111111111111111111111111111 125
11111111111111111111111111111111111111111111111111111111111111111111111111111111111111111111111111111111111111111111111111111111111111111111111111111111111111111111111111111111111111111111111111111111111111111111111111 218
1111111111111111111111111111111111111111111111111111111111111111111111111111111111111111111111111111111111111111111111111111111111111111111111111111111111111111111111111111111111 178
1111111111111111111111111111111111111111111111111111111111111111111111111111111111111111111111111111111111111111111111111111111111111111111111111111111111111111111111111111111111111111111111111111111111 202
1111111111111111111111111111111111111111111111111111111111111111111111111111111111111111111111111111111111111111111111111111111111 130
11111111111111111111111111111111111111111111111111111111111111111111111111111111111111111111111111111111111111111111111111111111111111111111111111111111111111111111111111111111111111111111111111111111111111111111111111111111111111111111111111111111111111111111111111111111111 275
1111111111111111111111111111111111111111111111111111111111111111111111111111111111111111111111111111111111111111111111111111111111111111111111111111111111111111111111111111111111111111111111111111111111111111111111111111111111111111111111111111111111111111111111111111111111111111111111111111111111111111111111111111111111111111111111111111111111111111111111111111111111111 373
111111111111111111111111111111111111111111111111111111111111111111111111111111111111111111111111 96
11111111111111111111111111111111111111111111111111111111111111111111111111111111111111111111111111111111111111111111111111111111111111111111111111111111111111 158
1111111111111111111111111111111111111111111111111111111111111111111111111111111111111111111111111111111111111111111111111111 124
111111111111111111111111111111111111111111111111111111111111111111111111111111111111111111111111111111111111111111111111111111111111111111111111111111111111111111111111111111111111111 183
111111111111111111111111111111111111111111111111111111111111111111111111111111111111111111111111111111111 105
1111111111111111111111111111111111111111111111111111111111111111111111111111111111111111111111111111111111111111111111111111111111111111111111111111111111111 157
1111111111111111111111111111111111111111111111111111111111111111111111111111111111111111111111111111111111111111111111111111111111111111111111111111111111111111111111111111111111111111111111111111111111111111111111111111111111111111111111 238
11111111111111111111111111111111111111111111111111111111111111111111111111111111111111111111111111111111111111111111111111111111111111111111111111111111111111111111111111111111111111111111111111111111111111111111111111111111111111111111111111111111111111111111111111111111111111111111111111111111111111111111111111111111111111111 329
111111111111111111111111111111111111111111111111111111111111111111111111111111111111111111111111111111 102
111111111111111111111111111111111111111111111111111111111111111111111111111111111111111111111111111111111111111111111111111111111111111111111111111111111111111111111111111111111111111111111111111111111111 204
11111111111111111111111111111111111111111111111111111111111111111111111111111111111111111111111111111111111111111111111111111111111111111111111111 146
111111111111111111111111111111111111111111111111111111111111111111111111111111111111111111111111111111111111111111111111111111111111111111111111111111111111111111111111111111111111111111111111111111111111111111111111111111111111111111111111111111111111111111111111111111111111111111111111111111111111111111111111111111111 321
11111111111111111111111111111111111111111111111111111111111111111111111111111111111111111111111111111111111111111111111111111111111111111 137
11111111111111111111111111111111111111111111111111111111111111111111111111111111111111111111111111111 101
111111111111111111111111111111111111111111111111111111111111111111111111111111111111111111111111111111111111111111111111111111111111111111111111111111111111111111111111111 171
1111111111111 13
11111111111111111111111111111111111111111111111111111111 56
1111111111111111111111111111111111111111111111111111111111111111111111111111111111111111111111111111111111111111 112
1111111111111111111111111111111111111111111111111111111111111111111111111111111111111111111111111111111111 106
1111111111111111111111111111111111111111111111111111111111111111111111111111111111111111111111111111111111111111111111111111111111111111111111111111111111111 157
1111111111111111111111111111111111111111111111111111111111111111111111111111111111111111111111111111111111111111111111111111111111111111111111111111111111111111111111111111111111111111111111111111111111111111111111111111111111111111111111111111111111 250
11111111111111111111111111111111111111111111111111111111111111111111111111111111111111111111111111111111111111111111111111111111111111111111111111111111111111111111111111111111111111111111111111111111111111111111111111111111111111111111111111111111111111111111111111111111111111111111111111111111111111111111 308
0000000000000000000000000001000000000000000010000000100000000100 100
17
11111111110011100101100110111111001111011011111111011110111101000011111110111111110101010011111011111101111111110011110111111101110111110110111011001011111110110111101100110110111 26904
1011110111110100111111001111111111011111011111111111101111011111101111111010011100111101101001111011111111110110101101111111111111111111011111111111111111111101111011110111011011110111111110001101111111111111111011111011 33088
100111111111111111111111011111011111101110110111111111100111011101101111101110001011001111111111110110110101101110111101111011001111111011011111111111101111101111001111111111111111111111011000111110111011 30620
1110111111111111111100111111010111101111011111111111101111111111011111011100110111101110011111010111111010010110111111111101101110111011111111111111111011111111111111101110111101010111111011110011011011111111111111000110101111100111111111010011011111 37523
1111111111111011101011110011011011110111011111101111011111110110111110101010110110101111101110111100111011111010110111111101011111111111111000011111110111111110111 24511
00111111011101111100111111111110011101111111011111111110101011111110111111110110011111111111111110001111111111111011111101110111111111101111111111110111101111111100110110111101001101101101111111111111111110110111111 32367
011011111110111111111101110111111111111111111101101100111001111010101111111011111111111111111111111111100111111110111111101111101001111010111001 21690
101101010101001110111111111011111011111110011111111110100011011011010111111111111110111011111111010111011111111111111011111111010101111101111101111111100111111101110111111111111110110111111111111011110111111 31109
111111110111101110111111111011111111001001011111011111111101101111111110101101111111111111010011111100101001101111011011111111011111011011 20778
101111011111111110110111100110111110011111111111101111110110110101101111110110011100111111101110111111111111111111111110111111111111111011111110111001101111101101111 24864
111110111101111111111101110111101111111010111111111110111111111111011111111101100111111111111011111110110111111101111011110111110111011110111101110111011111001111110111111111111110011011011011111111111110001111111001111111111110111111101101111111001111101110 38814
111000111111111111111111001111111111111101111111111011110011101010111101110100110111111111110001111010111111110111111011111110101111011110110111111101111001111011111110 25298
1101101111111111111111111011110111011011111111011111101111111100111110111111111100011101101111010111010111111111111111111101110111110101100111011111101111110111011111011001101111111111101111011110111011111111111101101110111111111011101111101111111 37145
11111111101111101111111111111111111111100111111010111011111111111111111110110101011101101101110111101110110111100110101111111011111011110111111111011111111101011111111101111111110011101110 28312
10101101001111111111011111011111011011111101111001100001101111101110101111111101111111010111101111111111111111111101111011111011011101111101111111101101111111010101101001110111111111111111011101011111111111111101111100 32843
111111011111111111111111001111111110111111111111110111111100011111101011110111100111111100111101111110101111101011111001011101111111010110111111010 22150
101111111111111111101011111010111111011111111111101101101011111111111011111111111111110111010101111101101111011110111111111111111110111011111111111111111111011111111101111111111011111111111111101111010111111111101101111111110111 34279
11101111110111111101011111111101111101111111111011101110100111111001101111111001111111011111111111111111011101111111011111101111100111111010000111110110111111111011111111111101111011111111011111101111011110111011110011111111111111111111111111011111111111 38124
111111111111111111111011011111011111111110100111101011110111111110011011111111111111111111111111111110010011011110100111111111001111100101101111111111111011110111111101111101111111111100001111111011001111101110111011110011101011 34323
01111111111011111000111111110011111111111111111101011111111111111110011111111001101111111101111111011010011111110110100111010110101101111001011111010111011110111110111111010111111111111100011110111100 30049
1010111111011101101011110111110011110111111111011011010111111101111100111001101101011111111111111000111101111110001111111111001111111111110110011111111110111111110110111111111010011111111111111111010111111010001111111111110100 34094
11111111111101110111111011110111111111110011011010100110010001111111000110111111101110010011111111111011111111111111111111111111111011101010111101011111111111111111111111111111111110110101111111111101001110111101110111010001010111111101111101011111 37387
110111100010111011111011111010011111101011011111110110101101111110111111110110111111111111111011110111101111111111101011111111111111111 20321
1111110011000110110110101111011111011100101111011110111010111101111011111111111010100110111111101000011111101111101111111111010111111010111011111111111111 23126
101111110010111111111111011111111110111111111110101111101111011111111111011100111111111111011011111111101111011100111110111111111111111111111110111001010111110111111 24802
111101101110010111101111100101011100111111111111111110110101100110100110110111111001101110111110111011111001110111010111111010110111100111101111011 22107
11110110111111000111111110111110111110011110111001111111111111111111011111110011010101110111011111111110011001111111010111111101111111110011011111101101111110111111110101111111001111111111101111111111111110111101110110101111010011111110101111101011 37347
11111011111101111111111110101111111001110001110111111111011111111011111010110111110001101111111101111111011101111011111101011011111110111110011101111011100111101101111111111011111011110000111111111011111001111111 31965
111110111101111111101101001110011011111111110011111100101111111110101001111111100101111111011111111111111101011110111011111111011011111011101111111110111111011001111111110111110101111111001011111 29367
11101100011111111101101110111101101111111111011110100001010111110111111111111111110111111001011101111101101111110011010100011110111011101111101111100111101111101111111111111110011011001111111111111101101110111111111111101111011111111111111111111 36829
0111110101111111011111111110111110011111110100011111111111111010111011101110111100110110111111111110101110110011101000110011111111011111110111111111111110111111101111001101001110111111111100111101111111101011010111000011111101111110101 35321
111111111101110111111110001111111110111111111111100100111101111011111111101110111111111000111101110111111111111111111111111010111101111111110111111111111111100101111111111111011 26659
0011111111111110111111101110110011110111101011011111111111101111011110011110111111111010111110111111111111101111110011100011111101011001011111111010111111111110001110111011011101111100111111111111010111111111010111111111111111110110101111100 36206
111100111111011111111111101011110101011001110011111011111110110111111010010111111111110111110110011111111101111111111111111111111111111101101111100010111111011011110111100011111101111111101111 28823
1000110101101000100011010000100011001010001101000101001110110001 100
17
001010101111100001011001010001000111100011010001100110001000101111111000001100101101001001000000010100011101000111010010101010101000100100101000111111000010001010000101101001 26299
010111100101011110001110110111100000000111111010000100111101001001100100111111110101010101111001001111001001001011011000011001111011000001100101010011000101011100101111101010100100111110000111111100011011111111010 32097
100010000110101110001000110001110111111110100000111010000111110001101000011111000110110111001010001011011110101000011001011010011100000111001100110000111000111100011100110111110100101111111011011110101011000111000110110110101101100000011000010101111011110000011010 39788
1011101101011101001001011001001110010011101001011000010111001000100010101111011010101111101111000100101000101001001010100101100111000010101111111001101000101000001011100100000101001101100000101000000111000000001001100101000111011 34494
101110100101000001110001110010010010101101000011001000110000000010101111010011011010110000010101001011111011111011111000100110000010111111011100010111010100100111101 24864
0001000100100001110100000000111110011011100101100101110000101101011110101101000011001101101010000011110011011101100001111111110101011110110111010111010100111010000001000101010110100101001111100110100001111001111000100010110001 34041
11111001011110011010111001000010011100111101100110100100011011111011101011101010011000111111000111100110100111111101100011001110110111100010100110100000101101100101001010111101110110110111011000111011010001001111010111100110100001 34560
11011101010000001000010001000001000100000101001000101111100100001111011010001010100001101000011100001000010000110101011010111010100000111110101011000111111001111010 24763
1111011110111110001110000000011101110011100101101110100110011100010100011010010001000010110110000001001010101011001010111000111100011111110100110001110111010001111000001100110001010010001110101111100001011111 31341
000000001110011000000011111111011011101101100011101010000110010110000010110011101001000100111000010101000100000010010101011001001111011111110100100110111111001100010101111110111011100011010 28446
1111100001000000110011100001000101000110110101110110011011111101100001111100000101100000110100001111001000011110111110101100100110010011111111110001101100110111001111000100000001111001101111000000010000010110000011101101000100000100001011011101101110010101 38516
0101110100101101011100110011010010011110010011001011000010000101111100010000001100011111000000001110001110011001111101110110101101011011011111000000001010010011101011011111110101001100100101111010010111100010010101111001101010011010111111010011001 37130
010001110110000110111110110110000010010010011100101001011000111010010011000000001001111100111100111101011010000000111010001001000001001001110011110111001111011100100101011011111101001001110100 28882
10110100101101100010011011110010001101010001011001100111011010110010110111101101000110001111111000001111101000101110111001100100011011010 20687
101110101001000100101101111011010100101101000011000101000001110100011011100110011000001010110010110011101011000101001000011000010010111011010101101000111101010000001100 25327
1000011111011000111011011001100110110000011011000111010101100100100101011001101101001110000011010000110011101000000001100101001000101010101000110010110101001011001110001111100010010010101100 28501
1000110110001111010000010101101000111000101101101000000101000000001000110100111110001010101000101011001010001100000100110111110101000111110100110101101 22712
0110100010000001111000000101000100110011111001000101110101100101111011001110111011010111110101111110101011110110101000011001101100001000100101000111101011111011110100110011100000010110010110000111011000010000101100110100100111110010010101010101010111001100111011 39370
10010011100100110111010000101100111001001110010101100101111101101011101110100101110011011101000011000110000111000010001110111101010000110111 21119
0100111000001100000000010011001101000111101001000000000111100110000000011000001001101001001010000011011100110011001001011011101101011001111010110111100101101100110111101010001100000000010001111011110111010101000110011010100 33518
01101111011001011010000110001110011010110100000010110111000100111110111000011011111011110100110110001111110011010001001010011001001010001110011110101011 22867
101011111100000001010011100010110100110001101100101100001011100001000101100101000010010010110010100101011110011011001011010100111100110011000100100000110111011000100100000010001110100000110101000000001010110010011100101111010001101101001111010011101011011 38304
0010111101010001001011111100000010011000001101000100011100111110100100000111001101111010011011010111010001011010010111001111001000001010100000001101101001101010011001111101010110111001010010100101100111001000100001100010011010011100100011111111 36761
011010100000010001011111000101111010111100001011001100110111001111011101011111010100000010101111101111011010000000011110110010010011100010101101110010110000011110 24366
0110100111011100000100111101110001110011100111011100001000001111000011000010101111110000010000011000101110001110110001100001010001010110000011011000111101111001010111100001001010000000111000 28584
111100010001111010111101001010001101110110001100011101010010101110101010001111111101011000000110010110011001110011000101001010001010111101100011111011110111010111101000001001000001111101001000110110010011010001001011100110010110010000011011011110000011 37895
100010111111111100010001100010001001111011010100100010001100100111001001000111000001000011011111110010100111110101100010010111011110011111000011111100110001000110000111001011001001101111011110111011010000011000101000100010101011001001 35276
10111101011011010111111001100010101011111111111011011101110001101010000001101001110001010100011100001001011110000000001110010010011011110000 21066
010101111010101010010111111011000100100110110000111101000111001111010110011000011111101011000011011010001110101000001011010010100011001101001101111010010011111000101100001100011000011010011101000001011000101111011000100010100010111000101 35613
1001111101101010110110110000100010110110110101101011000001001100110110001111010110111101000101110110100011001001011010110010001000110110011111010000101110011001101100001000001010000101001101111011010111111011 31390
1010101011101011111000001000101011110101111101110100010100010001110110010010000011011101001011011000001110110001100111000000110110011011111110000110100110100011101000101000001001001111010101100011 29584
011111001010011110001101001110011100001010010000110010100101100010010000111111010101101011101000110100111111010110001111111101001010100111110000101010 22698
0010100100101011001010111011010110000100100001111111001110000101000001111001111000001000000100110010010000000101001001001111001101001100110111000111111010011000111100111011010110110110010101101001010111100010100110111110110011000101 34945
1101111011011000100010101110001110111100110101001000101110110100000101100101100111010010110001001010000000111000000110110110100001010100110100001010110010101010011011001000110001010111000100001110100111110010010111001011110010011100 34838
1100011111000001000100100110001011101000101111100010111001110000 100
17
1101111100101111101101010011001011011001111010011011001000100010001110000000001001100111011011001111111001110101101001111000110111010111111001101010001110100011011000100010100011001100010010011000 29576
110010110011111100001110101001110111011101100111100100110010000001001011010010100101110110010100010101100001110100011001011111101000010010001101111 22198
01110011101101111101010001101100001110010000100000000000000000000101000001101010010011001100111011110001100010100010000001000101011100001000000111101101110100010100111110100000010010011010011100011001111111110101100111111110010110011110010101011110111110001001010110 39938
110001101000111110001110101000110101100011011110001111110110101010010010110111110101111011110110011110101111001101110000110010101001010001000110111100001001000010011110001011010001000100111001010010101100 30733
0011101110010110010111110010100001110101000010000101100000001111111101100110000101010100001000000110001010111001000110101001010101101011000011010011001101010001 24061
01101100111101000010010111011001010101100101000011000101011011000101100000111110111111000011001011110110100011101110010110001101010111110001101111001101000110011 24278
0111110101011010101111110101010011100101010011001100110010001000110011011011010100011000010001010111010101010110111110001000101101001101101101011000011011110010011100100000011010010111110110100010101000101010101010001110101001100000 34952
011010110111100010001010001000110010100101100001101001010011010111000101110010101110100010100010001011110100110110011101101111000001101010 20727
1110100110101110010011111110101000111111101011000101001010101001001111011111111011111001101110000111010010000000010111111000001010010011001001001100100111101010110001101010000010011110100011101110001011000010 31339
0011110110011110000011100000110100111000110001110001000011101101110011001010001011111111000110111001011111001000001111011011111101001001000011101001010000111101 24110
0100111100100001110010001111100000000110101110110011000010011101010011110101110001111101001000111010010111010011110001000010100110110111000011111100110111101100010001101111110100010100001000111011110111010010001010100010110111110011010111000001110001000100001001 39457
01101101000010111111110110011111001001011000000010101110110010110111101011111101010010111001000010010000101101010000011111101011100101100100011111000111111001101100100110111000110101010110110111011001100 30518
1010000100011000000011000101100110011101010111110111000100101001011001000111010001011010010010011001010110110011011111101001000011111111000100010011001100011011100000110110101000000001101010101010001101110001000110010110011011001000011101 35890
0010100001010011101001100010101101001100111010101011101000111011011110101100010000100100101001001000111110100110000010111110001011010100000000110110011000100010111001100100011110010101111100001100110110110111101011 32155
10100100001111111010011001110100001000011001111100010100111001000111100110011111001001110100010000101101111000001100000011001010000110100010011000011101010011100101001000011110001110111001011110101000011001 31024
00110100000101010100011100101101111111110100111001101111101101110101011100000111010111001001011000110110010100010101101001101100010110000100000001000001010111101000101100001001110011000010111000001111010001011 31473
011100001101000101010100101100011000101111100011001001000000100011010101110101111010110100010111001100011000000011000000011011010010111101101111000110100100011011001000 25312
011110100001011111000111000111000010010111111100101010101010010111100001000110110101100001001111100110101100111010100001010111110001001000101101000111111111001011000011011000101101100100000101011011011111101 31188
00110110001100011001110010111111110011101011000110101001110000110001101110100111111011000101000101100011010111000101011010100110100001010110100001101101110101010011100010011101111110110001001011000111100000010110111100 32847
0001111111010100011110001000010111000000100101000011100111101111000110011100011001010011010101011001110100000010011011010100110001100000100010001011101100100011110101110100111111001100011001011011001011000001011110010110101011111010001011111001100010010000000 38934
110100111101010011001100001010111101010000111110110001000010001111111010100111110100101111000001100110010001110110000010010111110011110101111010100000011101000110011100111101011011010111110101010011000111101110100011110110100111011011110011010 36579
00111000111101100101010101111100000010110000001011110100111000110110110100010101111111100100111011010011001100101101111101010111000111001 20602
000100111101100110110000011111011110100001000011000000111011111111011101000101111011101110001000011111000010010110101001010000110000010100000101111110100100000111011011110001101100101 27532
01110100101010110101001100001101100001100100010100101110000010110001011110110001001011100001101001011111110111101001010101100000110110001100001100010011001010000011101001110111001000001000101011100000001001100001100101100100000101000010101000001 36838
1011001001111000111101101100001100010000110010010011111101001011010101011101101110011001111010011011111001101000000011011101110111101100000101001001010111011101110111110100101001010011100111 28524
010010111100101100111101111000001110110100111010100011111011011101001000010111001110000111001111010101010000000010000000111001011001111111011010110001011000010001011101110001100100110110110111101010100010111000000111000001101111010101111111110000 37010
00011011000111000110110111110011000100001100000100110000101111010100101001110110010111111011100011100010001111100111001010111001000011001010110000011000011001011101000010111101 26455
11100001011010001101100101110100110100010110111010010100011101111110100011111101011001111111000011101001000110000001100101000111111011010011101010000110111001101110 24615
100001110110100100010100011011001101110101010011001110100110111000111100110101110111111001010000001101100111110010101101111110011010010 20389
01110001000000001001100110010110010001000001011000111011111110010010101111001010100011111000101000101001010101111101010011100101001101000010110000110101011001111000011101011110111000101001010011010 29636
010011101010001101010000010000110101000100111010011101111010111010100010111000010001001000000011011101001101111000000010001111110011011001110111000 22187
01101011001101011001101001100100001111111010010010001110010011111111100000111011101000100010010001011010101010111100110010110111001111000010001111010010010110110100000110101010110111110111011110000101111101000011110 32364
0100001000100110011110111110011110010001011101100000111010110100111110100100011100000000110000101100010011001001001001000100011010111001100101101010101001111100100100 25067
11100010010010000000010000000000011100100011011100110000110001101011101111000101010111011000000001110100110110101101100011001000001000100100110001 22094
1110001001101111001010111111110111111101010011011111111101101111 100
17
00100001000000000001010101100001001000011010100000110001000000001000000111100010101000000010001000010110100100001100001001100000100100000000001000001000110000011000000100000000 26539
1100100111010000111010110110000000110000000001000000101101100000110001011000010100000000000000001001001000000001000000010110100110000000000000101110010000010100101010001000011000001001101010000010100001100110101100000000000110010000010001 35866
00001111011100101010010111010000100001101000100011000100000111000001001010001011000010000001001001010000010010100100000000100100000100101110100110100010000010000100110000000 26040
0101000100000100000010101110100001010100000001100110111010100111000000110111000010010000011000010000011010000100000100011000000000010100100000000111000010001001000010001001101100001010000000100001000000001000000101110000000010000000000 35390
0100100000010000011001110001010000001011000001000001000010100000011100001100000000100011000001110000001011000000010100000010010010100001010000000101101000000101000001000001110011101100010100100000000000100011100000 32100
0000110000010011001000010010101000100010010000100000001110001000000110100000000000010000000000010010010110101100100110110000000010101000000000110011000000001011000000010100010000100010100001100010001000000010001010000001000010000100100000111010100101101010011 38998
01000001100000110101011001101001000100100000000011000110000000010110101000010000011001110001111000111100000001000000110110110010001101000100101011011000000010001010000100001110001100000010011001001 29646
010000000110000101000000010100101000000001000101000010000000010001000011010100010011100101000000000010001100100000000001000010010000010001001110010010000100000010000010001001100000010011010100000 29332
101101100100001101000000000000100000000000000111010001100100010001110101000000000100000010000100100010000100000000110001000110101000000100000000000000000010000110100010010010001000 27097
000010010100110010001000010100011001100100011010001000000001100100010000001000000001000001111000000011100000000000010000000000000110000001100000001100100010000010010000000000111000000010 28067
10100100000000001000000000000010110000000010000100100000110010001000001101010110010011010001000011000010000000110010011011010101000011101001000101 22003
010000001100110010110101001100000001110000010001010110100000000000000010100000000011011000110000000101101000110000011110010001000000010001000001001010101000000110100000000100010010000100001001001000110000011000000000111010000100100100 35136
00010101000000001010010110000000110001100001010101000110100000110000011001000100001010100000110010001000101000010000110100100101100001100000100110110100000100101000000000010000101000100010 28326
1110111000011000001000000110101010010000010101010000001000100000100010000010000100010100100000011010010000100100110000010000011100000001100100010000000000110101001111 24985
01001001101000000001010100010000001000011010001001101000000100000101010100010000000101100110000011000001000001010001000001100011110101010100101010100010000001000010010001000000101010110100110010000111001011001000011010001000100110 34631
110000010000001001000001110011000001000110000100001001010000001100010101010011010011001100000010000101000000000000001000000101011000001000000010000000110111001001010110101000000000000000100110 28977
00110000001000010100100000100000010000111000001011000110001010001100100010000000111100001100001010100001101001010100000001100000111000000101100010001100010000100001001001000000000100011000000111000110000000100100000001000000100001010100101101010 36836
111011111111011000010001111101110111110011011011111111011011011111001011111111111110101111101010110110111011101111101110111111100110111011110101111001101011111111001011101001 26175
1111111010111111001010110100100101011010111011111101111111111111101110111111101111111001110100010101110001001111110111111111101111110110011101010110010010110111111111111111 25855
111011111110101001110101111101101100110111011111101011110100011100011111100101111101111100111100000010011101111001111011000111101111111111011111111010101101110111111100100110111101111111111101111111111001111011111010110011001110110010111011110010001110000111111111 39636
000111111111111011111011011100110111101111001110001011100011110111100010111001101011000111110001111101111011111001111111101111100011010011011111111111101111010000111111111 25722
11110011110111101101100111101110111111111111111011111101101111001111110010111110101001100000101011111101100011111011111001110111000110001011110101101110001100111100110010011010011110100111111111111110010111 30974
1111110010000110011011110010101111101110111111011101110111111111111111111101111111110111110001111101111110111111101111000001101100111100011001010111110011100001110111001011111111001111110100110111011110 30367
111111111011010100111110110100110111111111101101100100111011010111110111011100111011100110011100100100010111111111011110111111101011110110001111011110001110111111011110111110000011110111001111101111111111001011111010011011110011011111100111011111 36922
1110101111011111100110111110101111101100111101010111111111100110110110101111111010011001111111011111110111101111011001111111111110111000101011010001111111001011111001111101110110100111101011111110111110110110000001111111111011101001011010011111110111111010 38553
011011101111010111011110011100001110110111111101010011111110111111110111100011111100111001011011110010110101110111101101111010111110000101101101111011001111111101101110110100100100110000111100010111011110111111111110111111100001111101 35121
110111001110110111110111101110011101011111111111101111010011111111011101010011101100111111111010101001100110110110011011111011011111111010011001101111011011110110101011011011111101110110111011110011010110111010011101010111111111111 34720
011110111010110110111001110001101100011111000111011111111111111101111110101110111101010111111011101111101011111100110011101100111110101101110101101111011011111001111110111010 26243
10100111011111111101011011111101111110111110101011011101100101101010010111101011110011111011011111101001111011011110110010111110010111101000110110111111010100110111111011001101101111101110111111111110110111111011111011101101010111111111001110011001 37247
11100111110110110001111111100010110010110111001011011110110111111110110101110001100110111111101000110111011001111110011111111101110100011111111111101000011010111111101100111101111 26997
100101101111010111111001000101101101010111011010001111101110001111001101110111110101101101100110111101111001101111100101110111101111111111110111011101010001011111011111110100111110110011011011011111110100110110011111111111110100101101101101111001000111111111010111 39641
01111111000110001101110110111111111110101111111101111111101011111101010111110110011110011111111110100011011101001101111110101111111111111111011000101010011111011100101011100011111011111010110010000101111111010111000111111111111111111111011010000011101 37763
0111111111111111110100000111110111111101110111101010010001011111001010111001111001110000111111001001111101011010100111011111101111100011101101110001011111100101001011011110011011001110110101011111011110011111111011010101111011110011111101110011011110100111 38536
110000101111111101011111111111111100110011011101110100101010110100101010111101110110000011110111011111111110111010111101111000001101100011111111010101111011111111001000111 25742
1001111111111111111011101111111111111100000101110100111111111001 100
17
0111110111101111100100111111110010101111011111101110110011010111011110000111111111111111111111010111110011100111111100011101111001111111101101100010110110101111011111011111011111101000000000011110111111111001010010110011011 33552
1110010111011101100011010111011011101011111111110011011101111101000110001111111111111101111011110111110111011101111110011011111011100101001010111110000111101000111111011011011101011010011111101110 29551
100000110011100111111101110111001111011011010011011110001111011111010001011111111110101110111010110011111111110111100110110111001110011111100011111111110111111111111 24821
11001110110110110011101010111111111111101111111111001111110001110001110110011111101010011110111111110110010011011101111111111010111110011110111101011011011111110111110111101111111000011111100110011111101110110100111101111100010111001111001101111011 37364
101011111111111110101011101101111101000010111111010101111100011111111111110101101101101001010001000110111101100011101100110001000111010011000000010011110011111001100111111 25759
10111111111101011011111110011111010111001110111101111110111101110011111001011110010101111111110011111101111100010111100101101110100011110110101101111100010011 23844
11100101110100111001001111101001111011010110111101011011111111111111011100000111101111100111111101101011111001011111101101110110110101111011101111111101011011111010001110110110011010000110100111011101011010110110011101100101110111101100 35413
0100111011111011110111111011110101101111111111110010010101111110011110111111100111100001110110110111111101110111111010111110011101111010010011001011101111110100100101100001101110100011110111111111110110110001111010111011 33035
1111110101100100011110010111101011101110011011010011111111100110111100111101101101110101110101101101111111101101111101111111011110111111011111111001011010101111011110111010111110100110010111011011110111101001111111000 32602
1111000111101110011001111110110011011101101110111110111110000101001110011011011111011011110100011110111111101110110100110110010001111111111011001101110001011110010111111110010001011111101111110100111111101001110001111111101100111111001010110111011011110111011111 39386
0101101110111011110101011111011011111101110101101000011110000011010110011111111111101111011111001011111001111101101010110111111010111111000110101001110110 23160
01111111011001101001011011101111110111111100100011101101110011111110110110000011111111011001101011101000001110111001110111111010110100111111100011011111101011111111011100011100111001111 27878
0100011111101111101101100111011101110110010110111101110001111111111111100011111110100011110010011111011010111011101111111011110110100110111011111110100100111111011110001011110101 26725
111111001011101001101111111111111111101011110011110101001101011010100101001001101101100111101110011111111111101001111001001011001010011100101110111111110011110011011101101110011001111111101100111111110100110111110111111111101111110111 35205
011011111110110001100011001101111111111111110101011111111101100101100101110010110110111111010010111001111110111111101111001011011110111110111111 21749
1011011111111101011000110111001011110111111111101111010100011110101111110011110100011001000111110101011011010111011111110001111011111000111110 21381
010100110101111111110010110001111101011101001101101011100101111101101111101110111010011011010011101011111010110011110110111111111110111110011011111111010110110011011111011010110101111110110001111011111011001111011010 32525
01001000110001100011100001010001001000100011111000010010101001100000010100010100000000000101100001100001001000000010010111001101000100001001000000000000110001000101010000110001010000101000100100000001100000000100000000011000000010101010 35474
00100010010000010000000000101100101100100001000000000101000100101010110000010101100000000001000000001000111110110011000000110000001010010 20645
00010101010010100110000110010010100111010000010000001010000110110000000010001000110000011000110000101101110010000000000001000000000000000010010000000000000001011110000 25155
000001000111010001100010000110000000011111101001110101100010111101100010000100100100010000000000000000011011001000100000001010000000000110110010010000100001010100000100010001000000011001011110100001001 30294
00000100001100000010100010000000000010000110010110000000001100000110001100001100100010100111000110000001000001010111101111000100100010101000000110000000000000010010010000101 26009
001000001001100000001010100100010100001000110000001000001000000011001111000001000000001001101010001000000001010000110001000000010010000010100001111000100010110001000000000000000000001001000100110100010110000000011001000001000000110000001001 36126
1100000010001100010001000001010011010110010010000111011001000001100000000000100111000001010010100000111000010100010001000100000011001100100010000110010000011000000100000000000010000000001000001000000010 30376
0000111111010000100010101010010011000110101001100100000000000010010000101000000000101000000011000001001101100000000000000011000100000011 20563
0010110010010011100000000001000000000010000100010010000100001100000001100000100101011000101000010000000111000000000011000100100100011001011010101100010100000100001100100110000100011010000000011010100001000001000110000000100011100010 34837
100000100001010010001100110001000000000000100101111011000000101001000000110011000000000000000000010000001000000010110000001100100000000011000100001000001010001000000010111100001001010000000110000100100101001000000000000110000010 34317
0001000001000011010000110000000100001011010000010100000000001110000011010100000100010100000011100100110000001100011011000000101000100010100000000010000010000000000101100001001000000000100010010100101110101000001011000000010000001000000010 35821
010001100000000100001000011101000001000000010100000001100000000100000000110000010000010001000001000011010000101000000000111001100000010100110000 21614
110000001000101110011001100000000000110000101100001000100010100000110111100000000100010100010010110001000010100011010100100100110000010011000110011110100010100010100011100001100100000000111111000000010000011000100100000100000001000100 35148
10010000000001010000010011001000101000001110000010000000000010001100111110010100011101001001110000000000001101001000000000101001101101101101000110001000100000000110101000101001100010010010000010010010100000010001011000100000010100000011000000001000111000 38235
1000000001001010001011010100000100100110000010001110011101011001111110100010000001001001100000110000100001001000001001000001110010001100001100110000010001100000000000001000100101000110000101001001101000000010000101110010100010110000000111100000 36690
011000000100110100000111100001010001000000000010101000110010001000000001100001000100001001100101000001001010001000100000100000010010001000100010001010011000000011000000101100100110001 27529
001000000100000100010110010100100000011000011010011010000010010100001100110001000010000100000000011010010000011100101010110000100001000101001100100010101110010010 24483
1001111111111100110111101000111111110111111101011111010111111101 100
17
000100010001101000100010000000000001000000000010000010000100100110000100000010010001100100000100101000010010000000000001010000010011000100010000000001100000000000110110000000110000001101110000000100000000000000000000010100000010000010000000000 36560
0000000100000100001110011000000000101000000000000000000000001010110000011000000101000100000010010000000000000001001100001000000000010000000010000100000100010000 24160
00100001000100101100000100000100000000000100100000100000000100000100010000000000000010000000000000100100001000000000000000000000000010000001011000000100000100000000000000101001100010000000000000110000011000000000001000010000000100100000 35509
00101010001000000000001000000010000010011100011000000010001000001010001100001010001100000001011000000000010010100000000010000100000010000010001001001100010001001001000101000010000010100000100101001110000011000000000000000101001100000000000000000111000 37782
001000000100010100000001000000010100000001010000000001100000000000100110001001101000000000000011010000001000000000000010100000000000100100001101000000001001110000010000000000000000001000000110100101000000101000000011001000001000001000000000001010001 37492
00000000000110000100010000000100001110100110100000000100000000010100000001100010000000110000100100000000000000001000000000100000000000000001000000100000100101100000000000000001000000100000010000000101100010000100011001000100000010 34686
00000000000000100011010000001000000000010001010100000000000000101000000000011000000000000010000000000101001010000001000000100001000110000100000011000 22475
00000111001000000000100000100000000101111000000000000100010000010001000000100000000010000000100000000000010000000001101001100101010100000000000000000011000001000001010010010100001100000001000000000000110000000000000100001010000000000000011000 36390
0000010001000001000010000000001100000000010100000010000000000001000000100110001000000100000000110001000000011010000010010000001000000000011000100000011000010000 24102
000000000000010001111110000001001000000000010001100000001000100010000100010000001000101100000000000000010110100000110000000000011000000000000100000101000100001110000000001000000000000000010001000101000000000000000000100000000000000 34760
0000001110111000000001000000000000001000000010100000000010100000000010000001000000100001001001000000000001000000011101000000000000000000000001011001000010000000000100100000110000010100000001010010000100000000 31300
00010010000000000010000001000000100010000100010101001000000100000100000101101000000000010011000000000100000000000000000000000100100000011000100000010000000001000100000 25104
0000000010000010000000100001100000010001010000001000000000100000010000100000011010010000000100000000000110101000001001010000001011100100000011011101000011000000000000000000000001000000001100010000001000010000110000001000000 33561
0101001000010100000000100000011000110010001000100101110000010000100010100010000001100000001000010001001001010100000000100010000100000000001000000000000000000000001110001110100010000001000100000001000000010110110000000000001111100010000010001011000 37127
0000000000100100110000101001100000001100000000100000000000000100010000000000000000000100000000000000000000001001001000000000000010100000000000000000000 22752
1010010000001100100000001000000000010000000010000000000100100100000000010000000001100010100000000000100000000000000010000001001001111000000011010000000100010010010000001000010000000000000001001000000000110001110000001000000010000001000000 35858
000000000001001000000001010000000000100100111000000001000101000000000100000010001000100000000000001000000011000000010010000000000000000000001000 21613
0010000100000010010001000001000000000001000000000010001010010000001000000001000000000001100100100000000110000001110100100000100000000010010001000010010000000001000001011000 25923
0011110011010100000000000000010110001000000000010000000000110000000100000000000010000010100001000010011000100011001001000010000000000100000000 21492
00000000000000010010000000010000101000001000011110100100100000001010101100000001000000010001101000000000000010000001000010000000001000100010000000001000000010000010011000100000000100101001100000000000100 30513
0100000110100000000010010101010001011000000000000000000000100000101101011001100001001000000100010000101000000001010000000000000001011100010000000001001000000000000100010000100000000001 27715
0101000000000100011000000001000010010100001000010000000000000100000000001000010001000000001000101000001000000010000001000000000010110000110001000000000000100010010010100100010011001000000000010000 29464
000010100000000110000010000000101001100100010100000000100000010100000000000001001100010000000000100010000001001000000000000000001000000100011000000000000110010010000001011010000001010000001000101000000001000100010000100000000 33870
000010001001001001110100000000000000000000010001100001000000000000001010000000001001000001000100000110000001100000000000001000100000000100010001000000000000000000000100000010001011010001000100100001000101000010 31666
000101001000000010001000010000100001000100000000010000100000001000001000010011100010000000110010000010000000000010000001000000001000001000001100000011001000000000000000 25228
00100100000000100000001000011000011100011010000000000000000100011001000001000100000001000000000001000001100010100010001000101001100000000001001010100100000101000001000101010010 26486
000000000000100100010100001000000010010000110000001000001001100100100110000100000000010001000000000000000000000000000010110000110000010000100100000000000001000000101000000000001000001000011001010101001001010000000100010100000000000000010010001000 37013
00101010010000000100100001001010111000000000010010000100010110100000100100000000000100000010001000001000000000101000000000100000001101100010001000000001000000000001101000001000000001000001001110001000010000011001000 32321
00010010000001001011001000000000001110000101000001000000100100000000000000001000000000110000001000000000001000000110000000001010000101010000001010000001001111100110000111000000000111011011000001000000001010010000100000000 33237
1100000010000000000000000001000000010000100000000100000000100100000000010100010100100000100000000000110000000010001011100000001000000000001010000000101000 23112
0100000000000000000001011000000000101001000110100000100001000001000000001101010000000000001101011101101010101000001110010000010100100 20085
000001100001000001110100001000010000000100000110000000101000000010100100100000001000001100000000101010000100000000101100000001000010000011000100000000000000001000000000010000000000000000100001000000100000000000 31649
000000000000001000000010000100001000110011000010010001001000010111000000000001000001000000100001000001000000100000000101000110010000000000000010100000000010 23528
100000000111000101000000000010000000000000000000000110100010000111101010010000000110000100100000000000101110100100010000000111110010011000000000011000000111010000000000000000000000001001000110100000000000010000110000010001000100 34362
1011011110010101011111000101010001110010001110110110011110111010 50
17
000111110100010100001110101011100010001011000010110000010110000011100110110100010101010000011101110000111111 16210
1011010011110110101100101111011001100011101100110101111011011110001111100100000011100001110000111111010000000101101001100 18275
000101110101011110101001101100111001101101010001101011011001101001110101111010011110011000001110101001001001001111010001000101001100 19890
11010000101000011000011010111001001101101001001101011001001100111100010 10727
11011011100011000110000000111011001111101000101100101010110001010010101111011001010101110111 13904
11100101011011001001111000000010011010000011110010111001110011011110000110111110001010110011100001100001100000111111 17477
1111101010001010100110001111110100111111100101011001111000111111101101001100011000011110110000011010 15125
010100110000100011100001111010111101111001001000001010111001101011010010101001101011110011000001110000 15461
11101011011000101000110010010000111000101110010101101011001111110101100100110110111011110010011011 14892
01000011011111111111100001010010100111011010001001100000100111001101001101 11130
110111110100100101111101011011001100000000110100000011000100011100111010101101001110111011111001010111 15302
01111011001100100000001100001111111010111100011010010001010010010101 10375
0110011010100101111001111000110010011100100000110110110100100101110010101111101110100011001001101110011010100000111110 17812
111111100111101100101001001110111101111010111001110011100000011101101 10400
011111000111001011110001001100001110010111110000111101101101101101101100101110011110001010001011110000 15325
1000010111001001100001001000011100101100111001110101000101101000001010000010100010101000111001100101110110101010110010001 18299
11001101000110001110111110010011011001011110011101000010001011110101110101100101010000001110011100010010110010101011000000101111 19240
1110111011111011010100010000110010011111001001000011100110000100100111101010001101001000101010101011100010100001001 17309
10010110001000010100000010111110111100111011010011101001011011011101100000001000010111 13040
1001000101110010110110011101110101101101010101101101010010001101010011011001110010000011111100111000111000000110100111 17885
11000110110101010110000110101010110011100011110110000100110010000111100110100100101000 13076
1010101101101001111001111001011001100100100011010101010011100110000000100001000111011010011110100110111000000111010010101100111111 19584
00001100100010001101000100100011000000001011101110011101000010001000100001111111111001110010 13888
100000100101100000101011111011011000001001001010111011100110010011010011 10869
0000110101001010101010110010000010010000000100101110010010010000000011001101010011111010111010110010 15060
1110111110100010011000100011101001101001001111100111110011010101001111110000111000111000000 13776
00011111001011011101001001101001001101000100101101101101100111001111110001111000101100111110111011 14777
1011001000100111110101010110001010011001001001110100010000010011000011000111010001100111111000 14296
01110000011011100100010111001101000011000100011111100010001000001001011011100111011101111110000101011010111111 16633
101100100000110011110001101001101010000011001001101001001011100111100010010001001010110001110111110010101010 16269
000101111001110111111101011011011010001010001001111111001110111011110111111000101101010010011110110110000001010010010110101110 19027
110101110011010000110010011010110100101101111001100110010100111101110011 10811
01101001100001101110111011011010111111011001000010100110111010100001100011011100111110010001101000011000 15654
0110111101010010011010111100001000111101000001110010111100000001000010011011000000100110000111011110111011001011110011001011111 19122
1110011111011010101000010111101110100010111111011001111000111011 50
17
000010000001000001110000000110000000000100010010101001110100000010001011101011100100010001100000110110001010001110111100010001 19010
000000000010101100000011010010100000110110000110000000100001010101000100111011100001010110000100101 14994
01100000100101000110101001011010010000001001001000000001000000010100101001000000010010101101001000101000 15752
1010010000110000011001000010100011100100000000010011000000000001011100011011001001010100011110000010100011 16009
000000001000000001001111001000000100001000001110100010000001101001000101011010110001000010 13555
00000000101000000100011000001000000100000000000000001010000000010000000100001001010011000000000000011000000101100000000 17994
00010000111011100110000101100001100000101110000001000100000001000100 10306
1100010000001011000100110100001101010001000000100000010000011010000010100001000000000110100011100100101000010000000010 17743
010101011000000000000000100010001010001000010000110010100010000010001001111101011000100000001000001000010000000000000011 18163
00001010010000000100011000000000001010100001000010000010101110001000001001010001000001110100101000111000010001000110110011000000101 19729
110100000001101111000000000000101100000100100110000000001010110000000100010010010001100011000010101001 15477
110010011001000000001011000011000001001100000110100010101100101000001001000000 11803
0000111101001001100000000001000000100110010111011011101000010000001000011001000001101100000100100001011000000111100010 17786
00001101000000101010110000110011000100000000011001000000000011000000010110010100001000000100010001001010000010 16513
100101100100000111000110011101001000001100100010010000010010000000100011100100010100000 13155
0110000110000000100101100000001000100000000000000001110100010001111010010010000100100100000100100110100000010110101001000101000111 19619
101000000110010001100000000010000010000010010101101001000000000000010001000000010010000111001010010 14935
011011000010011101110011000110101111011110101101111001111111111011000111110101101111111011111111100101001111101111111 17660
1001010001110111011110000010110010111011111111110111101011011111110111110011010100111011110101101101111111101010100101 17766
11111110100011111011101111101011111100110111011101111111101110111011010111111010111010110111110101 14885
110110010110011101011100100010110111100011100111101011011011000111111111010111111111001010110100111110111001101011 17230
11110111110111111111111011011011001011111101011101111110011111011111101110110001011011011010111011101001111100 16553
0110111001111011001111010101110011001101011101010111111110101111011011011011111011111011101110111111111011111000100001101001 18763
10001101011111011111101111101010101110111111011111110111110011101111111110101111101111110101111101 14734
1111111110010111110111001101101011111100110111110101111111110011110101111101111011111011 13226
1100110111101101111001111011011111111111000110100001010110001100111111111111111110101101111000010001011010101001 16931
0010111111011100011101101111101100001101111111011111101010011110101111111110000101111101111100101011011000011111 16938
1110111001111011111011111111111111110001110110101111011001111100111110 10632
0111111111111111110001111111011000011111111110111101111011111110101001110111100111010001110011000001011001110111 16853
110110111111111010110111111101000111001011011010111001111000110111110010110111011100111110010111 14566
1011111101100111011011110011010011101111001101111001000111111100010100100111111111010100000101011110111 15507
111011111111111011010001000110010111111110110001101101111011011110101111101011011000011101 13687
0101111111110001110110100011100111101111111100110100011011101011101011101100111111010000111110000010100101010 16416
101000111110101110100001101110101111111111111001010100011111101011010011101111011111111101011110000011111111100111111 17663
1011101111101100100011110111011110111111110011011111011011011111 50
17
10110111111101000111100100110110110010011011110110100101100010010011001100111100101011111010011111000110111011 16681
011110011110101111001101010100011100111111011010110110111111001101011110100010111011100010100111001011110011111000111101101110011100 19829
11111110111111110111010011111111101011101101100111111110111001111110111110010101110100110111101001111111001111 16648
110111011111111011110101101110111111110111111001111111111111111000011011011011011011101111110111111011100010101111111111 18114
0011101011000110110111100101101100101011111000011001001111110110100101111101101110111111111111111011111010111000110110111111 18763
10011011010100110010101011110110111010011101101111011110001001000111110100111 11638
100110110100101111111111100111000010101101001011101110111111010100111001111101 11819
111011111011000111101001101101111101111111111101100101111110111101 10066
10101001101111110111111111011011101111111111111111111101111111110110101010010011101110100110111101111111011 16177
10001111111111001110100001110111111111110010101111111000111111000110101110101111011000101000111011111000100111101111101111110 18840
1111010111101111101110011010110011111100111110000010011111100111100010111010 11485
111101101011010011111111001011111100111111110111111110101111101110011110111101011100111111100011111 14995
111110111101111111110111111011011111111010101011100001101111110101111001111110 11743
11111111001111111111011111101111010111101011011111001100001011111100 10373
1101011101111110110010011101100111001101111101111111011111110111110001110000111111011111001011011001100 15591
1011011110111011001101000011111111101011010001111110000111100101110111 10501
11110101001001110111101111110100101101111011101001101101110111100110100111111111010101110111100011111111111111011 17035
110010100001000101000100101010001000000000000000000001001010000000010001011100000000101101001000100 14986
00001010100000001001101100000100110100000010100010010001000100001001000111000000010000001010100001010000000100 16565
01100110001101001010110000110001000111001010110000001111000001011010110100001000000010010000010000 14875
000011001100100000000011000001000010000001100100000100011001101000000010100010001000011100000100001010001001000001001011 18082
1000100101011110010000100101001010100101000001111000011000101100001111 10601
1001101000100000010000010100001000010100000010000000011001100100000001000100001010010101010000000000001100001001010010011000 18727
00100011000011000001111111010010001000001000000000000001010000000110001111000100000010000100001100100001000 16148
100101110010000000010110000000000000000101100101001001000010100001000000110101101010 12620
00100111000000001001100100000010010001110101001000001010010000000000001 10716
0000000001101000001000000000000100000000000001011110000101010001000011101100000100101010000110111100111 15575
001000011000001001100000011001001000111000000010000000101000110000000000000000100000101000001100000000001000111100101001001 18532
0000010100101101011000000100000010101000001000000010101101001100010000000100001110000100100000100000100000010010001110000100000 19160
00001101100000000110000010111110101101001100011001000011100001100010000100011100010000110101101 14342
10101011001100001011000000010010000101010000101010000010100101001101100001100001 12090
0000100010100100001001010010010101000001011000010010001010001100101000000000000100000000010000101010001100100000 16930
00000011100000000100010000000000010100100010001000000010000111100100110100010011000000100001010101100011000101 16597
00100100010000000011011010100001000010000110001000100010100000000000001000000000000000001001001000000011000010 16527
